id,Site,Yac,Prediction,prediction_score_CT,prediction_score_PCM,prediction_score_PDLC
PQ01,Quiruelas,PQ,PDLC,0.0113,0.0756,0.9132
PQ02,Quiruelas,PQ,PDLC,0.0138,0.0789,0.9073
PQ04,Quiruelas,PQ,PDLC,0.0111,0.0561,0.9328
PQ07,Quiruelas,PQ,PCM,0.0088,0.5718,0.4194
PQ08,Quiruelas,PQ,PDLC,0.0113,0.0828,0.9059
PQ09,Quiruelas,PQ,PDLC,0.0078,0.0355,0.9566
La01,Quiruelas,PQ,PDLC,0.0101,0.0575,0.9323
LAJB09,Quiruelas,PQ,PDLC,0.0123,0.0406,0.9471
PQJB12,Quiruelas,PQ,PDLC,0.0126,0.0221,0.9654
LAJB14,Quiruelas,PQ,PDLC,0.0096,0.0245,0.9659
PQJB13,Quiruelas,PQ,PDLC,0.0103,0.0238,0.9659
LA01,Quiruelas,PQ,PDLC,0.0097,0.1004,0.8899
LA02,Quiruelas,PQ,PDLC,0.0445,0.0415,0.914
LA03,Quiruelas,PQ,PDLC,0.0111,0.1103,0.8786
LA04-1,Quiruelas,PQ,PDLC,0.0079,0.0579,0.9342
LA04-2,Quiruelas,PQ,PDLC,0.0119,0.1204,0.8677
LA04-3,Quiruelas,PQ,PDLC,0.0106,0.1082,0.8812
LA05,Quiruelas,PQ,PCM,0.0121,0.5832,0.4048
LA06,Quiruelas,PQ,PDLC,0.0107,0.0439,0.9454
LA07,Quiruelas,PQ,PDLC,0.0087,0.308,0.6832
LA08,Quiruelas,PQ,PCM,0.0071,0.5715,0.4215
LA09,Quiruelas,PQ,PDLC,0.0127,0.136,0.8513
LA11,Quiruelas,PQ,PDLC,0.0201,0.0657,0.9142
LA12,Quiruelas,PQ,PCM,0.009,0.6858,0.3052
LA13,Quiruelas,PQ,PCM,0.0073,0.7113,0.2814
LA14,Quiruelas,PQ,PCM,0.0079,0.5489,0.4432
LA15,Quiruelas,PQ,PDLC,0.01,0.1149,0.8751
LA16,Quiruelas,PQ,PDLC,0.0091,0.0701,0.9208
LA17,Quiruelas,PQ,PDLC,0.0118,0.0718,0.9164
LA18,Quiruelas,PQ,PDLC,0.0128,0.1421,0.8451
LA19,Quiruelas,PQ,PDLC,0.0114,0.0721,0.9165
PQLR01,Quiruelas,PQ,PDLC,0.0164,0.0835,0.9002
PQLR02,Quiruelas,PQ,PDLC,0.0107,0.1258,0.8636
PQLR03,Quiruelas,PQ,PDLC,0.0133,0.0401,0.9466
PQLR04,Quiruelas,PQ,PDLC,0.0086,0.0487,0.9427
PQLR05,Quiruelas,PQ,PDLC,0.0089,0.0636,0.9274
PQLR06,Quiruelas,PQ,PDLC,0.0098,0.0987,0.8915
PQLR07,Quiruelas,PQ,PDLC,0.01,0.1825,0.8075
PQLR08,Quiruelas,PQ,PDLC,0.0092,0.0884,0.9024
PQLR10,Quiruelas,PQ,PDLC,0.0125,0.1264,0.8611
PQLR11,Quiruelas,PQ,PDLC,0.0111,0.0375,0.9515
PQLR12,Quiruelas,PQ,PDLC,0.0068,0.4498,0.5434
PQLR13,Quiruelas,PQ,PDLC,0.0132,0.193,0.7938
PQLR14,Quiruelas,PQ,PDLC,0.01,0.3291,0.6609
PQLR15,Quiruelas,PQ,PDLC,0.0104,0.1847,0.8049
PQLR16,Quiruelas,PQ,PDLC,0.0115,0.3756,0.6129
PQLR17,Quiruelas,PQ,PCM,0.0089,0.5192,0.4719
PQLR18,Quiruelas,PQ,PDLC,0.0158,0.0177,0.9664
PQLR19,Quiruelas,PQ,PCM,0.0128,0.6529,0.3344
PQLR20,Quiruelas,PQ,PDLC,0.012,0.0379,0.9501
PQLR21,Quiruelas,PQ,PDLC,0.0199,0.0162,0.9639
PQLR22,Quiruelas,PQ,PDLC,0.0072,0.0885,0.9043
VH/3C/21,V_Higueras,VdH,PDLC,0.02,0.0208,0.9592
VH/3C/23,V_Higueras,VdH,PDLC,0.0211,0.0171,0.9618
VH/3C/26,V_Higueras,VdH,PDLC,0.0397,0.034,0.9264
VH/3C/27,V_Higueras,VdH,PDLC,0.0336,0.0117,0.9547
VH/3C/28,V_Higueras,VdH,PDLC,0.0058,0.0209,0.9733
VH/3C/29,V_Higueras,VdH,PCM,0.0206,0.595,0.3844
VH/3C/30,V_Higueras,VdH,PDLC,0.0084,0.0092,0.9824
VH/3C/31,V_Higueras,VdH,PDLC,0.1288,0.0091,0.8621
VH/3C/32,V_Higueras,VdH,PDLC,0.0107,0.1208,0.8686
VH/3C/33,V_Higueras,VdH,PDLC,0.0066,0.0098,0.9835
VH/3C/34,V_Higueras,VdH,PDLC,0.0207,0.0123,0.967
VH/3C/35,V_Higueras,VdH,PDLC,0.0074,0.0068,0.9858
VH/3C/36,V_Higueras,VdH,PDLC,0.0742,0.4454,0.4804
VH/3C/37,V_Higueras,VdH,PDLC,0.0059,0.0185,0.9756
VH/3C/38,V_Higueras,VdH,PDLC,0.0148,0.0061,0.9791
VH/3C/39,V_Higueras,VdH,PDLC,0.0058,0.0117,0.9825
VH/3C/40,V_Higueras,VdH,PDLC,0.0345,0.0189,0.9466
VH/3C/41,V_Higueras,VdH,PDLC,0.0411,0.0147,0.9443
VH/3C/42,V_Higueras,VdH,PDLC,0.0066,0.0266,0.9668
VH/3C/43,V_Higueras,VdH,PDLC,0.0084,0.0777,0.9138
VH/3C/44,V_Higueras,VdH,PDLC,0.0089,0.0851,0.906
VH/3c/45,V_Higueras,VdH,PDLC,0.0221,0.0108,0.967
VH/3C/49,V_Higueras,VdH,PDLC,0.0055,0.0154,0.9792
VH/3C/50,V_Higueras,VdH,PDLC,0.0157,0.2166,0.7677
VH/3C/51,V_Higueras,VdH,PDLC,0.0164,0.0058,0.9779
VH/3C/52,V_Higueras,VdH,PDLC,0.0089,0.023,0.9681
VH/3C/53,V_Higueras,VdH,PDLC,0.0258,0.0454,0.9288
VH/3C/56,V_Higueras,VdH,PDLC,0.0211,0.0047,0.9743
VH/3C/57,V_Higueras,VdH,PDLC,0.0063,0.0176,0.976
VH/3C/58,V_Higueras,VdH,PDLC,0.0191,0.0103,0.9706
VH/3C/59,V_Higueras,VdH,PDLC,0.0055,0.0069,0.9876
VH/3C/61,V_Higueras,VdH,PDLC,0.0065,0.0334,0.9601
VH/3C/62,V_Higueras,VdH,PDLC,0.0149,0.2627,0.7224
VH/3C/63,V_Higueras,VdH,PDLC,0.0212,0.0052,0.9736
VH/C1/C1/I/22,V_Higueras,VdH,PDLC,0.3211,0.1381,0.5408
VH/C1/C1/I/23 (grande),V_Higueras,VdH,PDLC,0.0092,0.3605,0.6303
VH/C1/C1/I/24,V_Higueras,VdH,PDLC,0.0095,0.031,0.9595
VH/C1/C1/I/26,V_Higueras,VdH,PDLC,0.0146,0.0275,0.958
VH/C1/C1/I/27,V_Higueras,VdH,PDLC,0.0106,0.4101,0.5793
VH/C1/C1/I/28,V_Higueras,VdH,PDLC,0.0099,0.2734,0.7167
VH/C1/C1/I/29,V_Higueras,VdH,PDLC,0.0153,0.2778,0.7069
VH/C1/C1/I/30,V_Higueras,VdH,PDLC,0.0122,0.4105,0.5773
VH/C1/C1/I/31,V_Higueras,VdH,PDLC,0.0082,0.0168,0.975
VH/C1/C1/I/31,V_Higueras,VdH,PDLC,0.0102,0.0202,0.9697
VH/C1/C1/I/32,V_Higueras,VdH,PDLC,0.0093,0.2394,0.7513
VH/C1/C1/I/33,V_Higueras,VdH,PDLC,0.0093,0.1827,0.808
VH/C1/C1/I/34,V_Higueras,VdH,PDLC,0.0121,0.3278,0.6601
VH/C1/C1/I/35,V_Higueras,VdH,PDLC,0.027,0.3337,0.6392
VH/C1/C1/I/36,V_Higueras,VdH,PDLC,0.0274,0.1465,0.8261
VH/C1/C1/I/37,V_Higueras,VdH,PDLC,0.0247,0.472,0.5033
VH/C1/C1/I/38,V_Higueras,VdH,PDLC,0.0221,0.0819,0.896
VH/C1/C1/I/39,V_Higueras,VdH,PDLC,0.0094,0.1171,0.8735
VH/C1/C1/I/40,V_Higueras,VdH,PDLC,0.0115,0.0285,0.96
VH/C1/C1/I/41,V_Higueras,VdH,PCM,0.0277,0.5166,0.4557
VH/C1/C1/I/42,V_Higueras,VdH,PDLC,0.0091,0.1595,0.8315
VH/C1/C1/I/43,V_Higueras,VdH,PDLC,0.0633,0.391,0.5456
VH/C1/C1/I/44,V_Higueras,VdH,PDLC,0.0152,0.3567,0.6281
VH/C1/C1/I/45,V_Higueras,VdH,PDLC,0.0095,0.0547,0.9358
VH/C1/C1/I/46,V_Higueras,VdH,PDLC,0.0127,0.0222,0.9651
VH/C1/C1/I/47,V_Higueras,VdH,PDLC,0.0076,0.0459,0.9465
VH/C1/C1/I/48,V_Higueras,VdH,PDLC,0.0071,0.0653,0.9277
VH/C1/C1/I/49,V_Higueras,VdH,PDLC,0.0099,0.4296,0.5605
VH/C1/C1/I/50,V_Higueras,VdH,PDLC,0.007,0.0436,0.9494
VH/C1/C1/I/51,V_Higueras,VdH,PDLC,0.0121,0.2486,0.7393
VH/C1/C1/I/53,V_Higueras,VdH,PDLC,0.1018,0.2449,0.6533
VH/C1/C1/I/54,V_Higueras,VdH,PDLC,0.0077,0.1276,0.8647
VH/C1/C1/I/55,V_Higueras,VdH,PCM,0.0219,0.6662,0.3119
VH/C1/C1/I/56,V_Higueras,VdH,PDLC,0.0066,0.0745,0.9188
VH/C1/C1/I/57,V_Higueras,VdH,PDLC,0.0092,0.1394,0.8513
VH/C1/C1/I/58,V_Higueras,VdH,PDLC,0.0088,0.3724,0.6189
VH/C1/C1/I/59,V_Higueras,VdH,PDLC,0.0087,0.2723,0.719
VH/C1/C1/I/60,V_Higueras,VdH,PDLC,0.0128,0.2917,0.6955
VH/C1/C1/I/61,V_Higueras,VdH,PDLC,0.0215,0.3906,0.5879
VH/C1/C1/I/62,V_Higueras,VdH,PDLC,0.0067,0.0544,0.9389
VH/C1/C1/I/63,V_Higueras,VdH,PDLC,0.0446,0.4133,0.542
VH/C1/C1/I/64,V_Higueras,VdH,PDLC,0.0145,0.2129,0.7726
VH/C1/C1/I/65,V_Higueras,VdH,PDLC,0.0074,0.1694,0.8232
VH/C1/C1/I/66,V_Higueras,VdH,PDLC,0.0078,0.0639,0.9283
VH/C1/C1/I/67,V_Higueras,VdH,PDLC,0.0647,0.445,0.4903
VH/C1/C1/I/69,V_Higueras,VdH,PDLC,0.0191,0.4826,0.4983
VH/C1/C1/I/70,V_Higueras,VdH,PCM,0.0609,0.8322,0.1069
VH/C1/C1/I/71,V_Higueras,VdH,PDLC,0.0136,0.2707,0.7157
VH/C1/C1/I/72,V_Higueras,VdH,PDLC,0.0111,0.3699,0.6189
VH/C1/C1/I/73,V_Higueras,VdH,PDLC,0.1771,0.0707,0.7522
VH/C1/C1/I/74,V_Higueras,VdH,PDLC,0.2419,0.1681,0.59
VH/C1/C1/I/75,V_Higueras,VdH,PDLC,0.0084,0.2035,0.788
VH/C1/C1/I/76,V_Higueras,VdH,PDLC,0.0218,0.4009,0.5773
VH/C1/C1/I/77,V_Higueras,VdH,PDLC,0.0146,0.4452,0.5402
VH/C1/C1/I/79,V_Higueras,VdH,PDLC,0.0078,0.0635,0.9287
VH/C1/C1/I/80,V_Higueras,VdH,PDLC,0.0079,0.1506,0.8416
VH/C1/C1/I/81,V_Higueras,VdH,PCM,0.0215,0.5755,0.403
VH/C1/C1/I/82,V_Higueras,VdH,PDLC,0.016,0.0924,0.8916
VH/C1/C1/II/12,V_Higueras,VdH,PDLC,0.0118,0.2595,0.7287
VH/C1/C1/II/13,V_Higueras,VdH,PCM,0.0235,0.7664,0.2101
VH/C1/C1/II/14,V_Higueras,VdH,PDLC,0.024,0.1222,0.8539
VH/C1/C1/II/15,V_Higueras,VdH,PDLC,0.0144,0.437,0.5485
VH/C1/C1/II/16,V_Higueras,VdH,PDLC,0.0133,0.269,0.7177
VH/C1/C1/II/17,V_Higueras,VdH,PDLC,0.0116,0.1593,0.8291
VH/C1/C1/II/18,V_Higueras,VdH,PDLC,0.0149,0.1755,0.8096
VH/C1/C1/II/19,V_Higueras,VdH,PDLC,0.0154,0.0975,0.8872
VH/C1/C1/II/20,V_Higueras,VdH,PDLC,0.0145,0.1638,0.8217
VH/C1/C1/II/21,V_Higueras,VdH,PDLC,0.0363,0.3285,0.6352
VH/C1/C1/II/24,V_Higueras,VdH,PDLC,0.0135,0.2922,0.6943
VH/C1/C1/II/26,V_Higueras,VdH,PDLC,0.0894,0.1657,0.7449
VH/C1/C1/II/27,V_Higueras,VdH,PCM,0.0186,0.5592,0.4221
VH/C1/C1/II/28,V_Higueras,VdH,PDLC,0.0593,0.0697,0.871
VH/C1/C1/II/29,V_Higueras,VdH,CT,0.6376,0.0875,0.2749
VH/C1/C1/II/30,V_Higueras,VdH,PCM,0.1093,0.4585,0.4322
VH/C1/C1/II/31,V_Higueras,VdH,PDLC,0.1614,0.0449,0.7937
VH/C1/C1/II/32,V_Higueras,VdH,PDLC,0.0119,0.0599,0.9283
VH/C1/C1/II/33,V_Higueras,VdH,PCM,0.0167,0.705,0.2784
VH/C1/C1/II/34,V_Higueras,VdH,PDLC,0.0126,0.2931,0.6943
VH/C1/C1/II/36,V_Higueras,VdH,PDLC,0.0205,0.2292,0.7504
VH/C1/C1/II/38,V_Higueras,VdH,PDLC,0.018,0.1932,0.7888
VH/C1/C1/II/40,V_Higueras,VdH,PDLC,0.0162,0.3739,0.6099
VH/C1/C1/II/41,V_Higueras,VdH,PDLC,0.0118,0.1192,0.869
VH/C1/C1/II/42,V_Higueras,VdH,PDLC,0.0209,0.2801,0.699
VH/C1/C1/II/43,V_Higueras,VdH,PDLC,0.0153,0.2246,0.7601
VH/C1/C1/II/45,V_Higueras,VdH,PDLC,0.0148,0.4759,0.5093
VH/C1/C1/II/46,V_Higueras,VdH,PDLC,0.016,0.1751,0.8089
VH/C1/C1/II/48,V_Higueras,VdH,PDLC,0.0124,0.153,0.8346
VH/C1/C1/II/49,V_Higueras,VdH,PCM,0.0772,0.647,0.2759
VH/C1/C1/II/50,V_Higueras,VdH,PCM,0.0268,0.5309,0.4423
VH/C1/C1/II/51,V_Higueras,VdH,PCM,0.0191,0.5587,0.4222
VH/C1/C1/II/52,V_Higueras,VdH,CT,0.447,0.3263,0.2267
VH/C1/P1/21,V_Higueras,VdH,PDLC,0.0165,0.088,0.8954
VH/C1/P1/22,V_Higueras,VdH,PCM,0.1739,0.4907,0.3354
VH/C1/P1/23 (pequena),V_Higueras,VdH,PDLC,0.0145,0.1142,0.8714
VH/C1/Pi/2,V_Higueras,VdH,PCM,0.0142,0.5778,0.408
VH/C1/Pi/3,V_Higueras,VdH,PDLC,0.0233,0.3069,0.6698
VH/C1/Pi/4,V_Higueras,VdH,PCM,0.0129,0.5086,0.4784
VH/C1/Pi/5,V_Higueras,VdH,PCM,0.0249,0.5525,0.4227
VH/C7/N/13,V_Higueras,VdH,PDLC,0.0308,0.1451,0.824
VH/C7/N/14,V_Higueras,VdH,PDLC,0.0118,0.1539,0.8343
VH01/3B/31,V_Higueras,VdH,PDLC,0.0103,0.1281,0.8617
VH01/3B/32,V_Higueras,VdH,PDLC,0.019,0.4404,0.5406
VH01/3B/33,V_Higueras,VdH,PDLC,0.0139,0.2833,0.7028
VH01/3B/34,V_Higueras,VdH,PCM,0.0069,0.6715,0.3215
VH01/3B/35,V_Higueras,VdH,PDLC,0.0556,0.2928,0.6517
VH01/3B/36,V_Higueras,VdH,PCM,0.0138,0.6622,0.324
VH01/3B/37,V_Higueras,VdH,PDLC,0.0286,0.4039,0.5675
VH01/3B/38,V_Higueras,VdH,PDLC,0.0119,0.1656,0.8225
VH01/3B/39,V_Higueras,VdH,PDLC,0.0134,0.2748,0.7119
VH01/3B/40,V_Higueras,VdH,PCM,0.0233,0.8858,0.0909
VH01/3B/41,V_Higueras,VdH,PDLC,0.3574,0.0257,0.6168
VH01/3B/42,V_Higueras,VdH,PCM,0.0115,0.5303,0.4582
VH01/3B/43,V_Higueras,VdH,PDLC,0.0099,0.2611,0.729
VH01/3B/44,V_Higueras,VdH,PDLC,0.0099,0.0685,0.9216
VH01/3B/45,V_Higueras,VdH,PDLC,0.0226,0.4599,0.5175
VH01/3B/49,V_Higueras,VdH,PCM,0.0471,0.7343,0.2186
VH01/3B/50,V_Higueras,VdH,PDLC,0.0149,0.1177,0.8674
VH01/3B/51,V_Higueras,VdH,PDLC,0.0128,0.1785,0.8087
VH01/3B/52,V_Higueras,VdH,PDLC,0.0155,0.3767,0.6078
VH01/3B/54,V_Higueras,VdH,PDLC,0.0465,0.0221,0.9314
VH01/3B/55,V_Higueras,VdH,PDLC,0.0594,0.1639,0.7767
VH01/3B/56,V_Higueras,VdH,PDLC,0.0397,0.0917,0.8686
VH01/3B/57,V_Higueras,VdH,PDLC,0.019,0.4486,0.5324
VH01/3B/58,V_Higueras,VdH,PDLC,0.0079,0.4324,0.5597
VH01/3B/60,V_Higueras,VdH,PDLC,0.0107,0.3354,0.6539
VH01/3B/61,V_Higueras,VdH,PCM,0.0159,0.4928,0.4913
VH04/6/C4/S/2,V_Higueras,VdH,PDLC,0.0272,0.2066,0.7662
VH04/6/C4/S/3,V_Higueras,VdH,PDLC,0.0125,0.2437,0.7438
VH99/C1/SR/100,V_Higueras,VdH,PDLC,0.0132,0.1039,0.8828
VH99/C1/SR/102,V_Higueras,VdH,PDLC,0.0186,0.2658,0.7156
VH99/C1/SR/103,V_Higueras,VdH,PDLC,0.0102,0.127,0.8628
VH99/C1/SR/104,V_Higueras,VdH,PDLC,0.0142,0.1443,0.8415
VH99/C1/SR/107,V_Higueras,VdH,PDLC,0.0156,0.1326,0.8518
VH99/C1/SR/108,V_Higueras,VdH,PDLC,0.022,0.4867,0.4914
VH99/C1/SR/109,V_Higueras,VdH,PCM,0.0273,0.6712,0.3015
VH99/C1/SR/110,V_Higueras,VdH,PDLC,0.0132,0.4055,0.5812
VH99/C1/SR/111,V_Higueras,VdH,PDLC,0.0242,0.3158,0.6599
VH99/C1/SR/112,V_Higueras,VdH,PDLC,0.0172,0.152,0.8308
VH99/C1/SR/113,V_Higueras,VdH,PCM,0.0356,0.5447,0.4197
VH99/C1/SR/115,V_Higueras,VdH,PDLC,0.2379,0.3464,0.4158
VH99/C1/SR/116,V_Higueras,VdH,PCM,0.0229,0.5681,0.4089
VH99/C1/SR/117,V_Higueras,VdH,PDLC,0.0082,0.0886,0.9031
VH99/C1/SR/118,V_Higueras,VdH,PDLC,0.0078,0.0613,0.9309
VH99/C1/SR/119,V_Higueras,VdH,PDLC,0.0527,0.3369,0.6104
VH99/C1/SR/120,V_Higueras,VdH,PCM,0.0155,0.6061,0.3784
VH99/C1/SR/121,V_Higueras,VdH,PDLC,0.0195,0.1664,0.814
VH99/C1/SR/123,V_Higueras,VdH,PDLC,0.0197,0.03,0.9503
VH99/C1/SR/124,V_Higueras,VdH,PDLC,0.0099,0.1249,0.8652
VH99/C1/SR/125,V_Higueras,VdH,PCM,0.0398,0.6441,0.3161
VH99/C1/SR/127,V_Higueras,VdH,PDLC,0.0117,0.1336,0.8547
VH99/C1/SR/128,V_Higueras,VdH,PDLC,0.0137,0.1648,0.8214
VH99/C1/SR/129,V_Higueras,VdH,PDLC,0.014,0.4298,0.5562
VH99/C1/SR/130,V_Higueras,VdH,PDLC,0.0144,0.4543,0.5313
VH99/C1/SR/132,V_Higueras,VdH,PCM,0.0204,0.5132,0.4663
VH99/C1/SR/133,V_Higueras,VdH,PDLC,0.0165,0.2259,0.7576
VH99/C1/SR/134,V_Higueras,VdH,PCM,0.024,0.6594,0.3167
VH99/C1/SR/135,V_Higueras,VdH,PDLC,0.0224,0.2656,0.712
VH99/C1/SR/136,V_Higueras,VdH,PCM,0.0154,0.6096,0.375
VH99/C1/SR/137,V_Higueras,VdH,PCM,0.0211,0.6376,0.3412
VH99/C1/SR/138,V_Higueras,VdH,PDLC,0.0135,0.1904,0.796
VH99/C1/SR/140,V_Higueras,VdH,CT,0.4542,0.3354,0.2104
VH99/C1/SR/141,V_Higueras,VdH,PCM,0.0182,0.7027,0.2791
VH99/C1/SR/19,V_Higueras,VdH,PCM,0.0352,0.8386,0.1262
VH99/C1/SR/21,V_Higueras,VdH,PDLC,0.0274,0.3936,0.579
VH99/C1/SR/22,V_Higueras,VdH,PDLC,0.0252,0.285,0.6898
VH99/C1/SR/24,V_Higueras,VdH,PCM,0.0139,0.5644,0.4217
VH99/C1/SR/25,V_Higueras,VdH,PDLC,0.0163,0.316,0.6676
VH99/C1/SR/26,V_Higueras,VdH,PCM,0.0494,0.7956,0.155
VH99/C1/SR/27,V_Higueras,VdH,PDLC,0.0101,0.4349,0.5549
VH99/C1/SR/28,V_Higueras,VdH,PDLC,0.0097,0.3059,0.6845
VH99/C1/SR/29,V_Higueras,VdH,PDLC,0.0153,0.2832,0.7015
VH99/C1/SR/30,V_Higueras,VdH,PDLC,0.0105,0.3408,0.6487
VH99/C1/SR/31,V_Higueras,VdH,PDLC,0.0096,0.2343,0.7561
VH99/C1/SR/33,V_Higueras,VdH,PDLC,0.0073,0.0829,0.9098
VH99/C1/SR/34,V_Higueras,VdH,PDLC,0.0125,0.438,0.5495
VH99/C1/SR/35,V_Higueras,VdH,PDLC,0.0162,0.4791,0.5047
VH99/C1/SR/36,V_Higueras,VdH,PDLC,0.011,0.0843,0.9047
VH99/C1/SR/37,V_Higueras,VdH,PDLC,0.3786,0.0718,0.5496
VH99/C1/SR/38,V_Higueras,VdH,PDLC,0.0523,0.087,0.8607
VH99/C1/SR/39,V_Higueras,VdH,PCM,0.0248,0.7176,0.2576
VH99/C1/SR/40,V_Higueras,VdH,PDLC,0.0135,0.2654,0.7211
VH99/C1/SR/41,V_Higueras,VdH,PDLC,0.1498,0.0447,0.8055
VH99/C1/SR/42,V_Higueras,VdH,PCM,0.0374,0.6435,0.3192
VH99/C1/SR/43,V_Higueras,VdH,PDLC,0.01,0.2918,0.6981
VH99/C1/SR/44,V_Higueras,VdH,PDLC,0.0144,0.0582,0.9274
VH99/C1/SR/45,V_Higueras,VdH,PDLC,0.0148,0.1998,0.7854
VH99/C1/SR/46,V_Higueras,VdH,PDLC,0.0167,0.1728,0.8104
VH99/C1/SR/47,V_Higueras,VdH,PDLC,0.0938,0.3585,0.5477
VH99/C1/SR/48,V_Higueras,VdH,PDLC,0.012,0.1646,0.8234
VH99/C1/SR/49,V_Higueras,VdH,PDLC,0.0264,0.1503,0.8233
VH99/C1/SR/50,V_Higueras,VdH,PDLC,0.0105,0.3071,0.6824
prediction_score_PCM,V_Higueras,VdH,PDLC,0.0105,0.0686,0.9208
0.0173,V_Higueras,VdH,PDLC,0.0098,0.1728,0.8174
0.0123,V_Higueras,VdH,PDLC,0.0158,0.3163,0.6679
0.24,V_Higueras,VdH,PDLC,0.0133,0.301,0.6857
0.1705,V_Higueras,VdH,PDLC,0.0078,0.0597,0.9324
0.0093,V_Higueras,VdH,PDLC,0.0149,0.08,0.905
0.3017,V_Higueras,VdH,PDLC,0.0167,0.2923,0.691
0.1133,V_Higueras,VdH,PDLC,0.0114,0.0956,0.8929
0.0508,V_Higueras,VdH,PDLC,0.0151,0.1759,0.809
0.0045,V_Higueras,VdH,PDLC,0.0106,0.0863,0.9031
0.3378,V_Higueras,VdH,PDLC,0.0143,0.3303,0.6554
,V_Higueras,VdH,PDLC,0.0124,0.1518,0.8358
,V_Higueras,VdH,PDLC,0.0449,0.3044,0.6507
,V_Higueras,VdH,CT,0.5056,0.2586,0.2358
,V_Higueras,VdH,PDLC,0.0147,0.3949,0.5904
,V_Higueras,VdH,PDLC,0.0146,0.1075,0.8779
,V_Higueras,VdH,PDLC,0.0155,0.3706,0.6139
,V_Higueras,VdH,PDLC,0.0176,0.0727,0.9096
,V_Higueras,VdH,PDLC,0.0254,0.0761,0.8985
,V_Higueras,VdH,PDLC,0.0142,0.2542,0.7316
,V_Higueras,VdH,PDLC,0.0135,0.3564,0.6301
,V_Higueras,VdH,PDLC,0.015,0.1029,0.8821
,V_Higueras,VdH,PCM,0.0297,0.6657,0.3047
,V_Higueras,VdH,PDLC,0.0146,0.459,0.5264
,V_Higueras,VdH,PDLC,0.0246,0.1937,0.7817
,V_Higueras,VdH,PDLC,0.0139,0.096,0.8901
,V_Higueras,VdH,PDLC,0.0154,0.4171,0.5675
,V_Higueras,VdH,PDLC,0.0102,0.0679,0.922
,V_Higueras,VdH,PDLC,0.0365,0.3161,0.6474
,V_Higueras,VdH,PCM,0.0156,0.5489,0.4355
,V_Higueras,VdH,PDLC,0.0174,0.4207,0.5619
,V_Higueras,VdH,PDLC,0.0206,0.2342,0.7451
,V_Higueras,VdH,PDLC,0.0172,0.4726,0.5101
,V_Higueras,VdH,PCM,0.1335,0.5115,0.355
,V_Higueras,VdH,PDLC,0.016,0.293,0.691
,V_Higueras,VdH,PDLC,0.0237,0.1308,0.8455
,V_Higueras,VdH,PDLC,0.0124,0.0459,0.9417
,V_Higueras,VdH,PDLC,0.0154,0.1683,0.8163
,V_Higueras,VdH,PDLC,0.0142,0.2699,0.7159
,V_Higueras,VdH,PDLC,0.0142,0.128,0.8578
,V_Higueras,VdH,PDLC,0.0139,0.3702,0.616
,V_Higueras,VdH,PDLC,0.0117,0.1882,0.8001
,V_Higueras,VdH,PDLC,0.0115,0.2678,0.7207
,V_Higueras,VdH,PDLC,0.0317,0.2748,0.6934
,V_Higueras,VdH,PDLC,0.0124,0.2138,0.7738
,V_Higueras,VdH,PDLC,0.015,0.0985,0.8864
,V_Higueras,VdH,PDLC,0.0132,0.1521,0.8347
,V_Higueras,VdH,PDLC,0.0192,0.3283,0.6524
,V_Higueras,VdH,PDLC,0.0098,0.0495,0.9407
AL-93-1-25-11,Alberite,DA,CT,0.9706,0.0173,0.012
AL-93-1-90-137,Alberite,DA,CT,0.9717,0.0123,0.016
AL-93-1-90-168,Alberite,DA,CT,0.5507,0.24,0.2094
AL-93-1-90-174,Alberite,DA,CT,0.5266,0.1705,0.3028
AL-93-1-90-198,Alberite,DA,CT,0.985,0.0093,0.0057
AL-93-1-90-449,Alberite,DA,PDLC,0.1452,0.3017,0.5531
AL-93-1-90-450,Alberite,DA,CT,0.831,0.1133,0.0557
AL-93-1-90-471,Alberite,DA,CT,0.9417,0.0508,0.0075
AL-93-1-90-494,Alberite,DA,CT,0.9878,0.0045,0.0077
AL-93-1-90-654,Alberite,DA,CT,0.5855,0.3378,0.0767
paternanbidea_1_1,Paternanbidea,PA,PDLC,0.0043,0.0133,0.9824
paternanbidea_2_1,Paternanbidea,PA,PDLC,0.0886,0.0553,0.8562
paternanbidea_2_2,Paternanbidea,PA,PDLC,0.0366,0.0079,0.9554
paternanbidea_2_3,Paternanbidea,PA,PDLC,0.2524,0.0391,0.7086
CG1-246-548-1_1,Can_Gambus,CG,CT,0.9497,0.0293,0.021
CG1-246-548-1_10,Can_Gambus,CG,CT,0.9766,0.0066,0.0168
CG1-246-548-1_11,Can_Gambus,CG,CT,0.6928,0.2954,0.0119
CG1-246-548-1_12,Can_Gambus,CG,CT,0.9794,0.0068,0.0138
CG1-246-548-1_13,Can_Gambus,CG,CT,0.9617,0.0099,0.0284
CG1-246-548-1_14,Can_Gambus,CG,CT,0.9699,0.0082,0.0219
CG1-246-548-1_2,Can_Gambus,CG,CT,0.9007,0.0101,0.0892
CG1-246-548-1_3,Can_Gambus,CG,CT,0.9153,0.0052,0.0795
CG1-246-548-1_4,Can_Gambus,CG,CT,0.923,0.009,0.068
CG1-246-548-1_5,Can_Gambus,CG,CT,0.9744,0.0075,0.0181
CG1-246-548-1_6,Can_Gambus,CG,CT,0.9828,0.0057,0.0116
CG1-246-548-1_7,Can_Gambus,CG,CT,0.9263,0.0086,0.065
CG1-246-548-1_8,Can_Gambus,CG,CT,0.8994,0.0117,0.0889
CG1-246-548-1_9,Can_Gambus,CG,CT,0.9554,0.0069,0.0376
CG1-246-548-2_1,Can_Gambus,CG,PDLC,0.0113,0.3917,0.597
CG1-246-548-2_10,Can_Gambus,CG,CT,0.9879,0.0056,0.0065
CG1-246-548-2_11,Can_Gambus,CG,CT,0.9607,0.0155,0.0239
CG1-246-548-2_12,Can_Gambus,CG,CT,0.9353,0.0101,0.0546
CG1-246-548-2_13,Can_Gambus,CG,CT,0.9241,0.0247,0.0512
CG1-246-548-2_14,Can_Gambus,CG,PDLC,0.3139,0.0378,0.6483
CG1-246-548-2_15,Can_Gambus,CG,CT,0.7349,0.1396,0.1255
CG1-246-548-2_16,Can_Gambus,CG,CT,0.9677,0.0152,0.0171
CG1-246-548-2_17,Can_Gambus,CG,PCM,0.3234,0.4997,0.177
CG1-246-548-2_18,Can_Gambus,CG,CT,0.9677,0.0109,0.0213
CG1-246-548-2_19,Can_Gambus,CG,CT,0.9613,0.0087,0.03
CG1-246-548-2_2,Can_Gambus,CG,CT,0.9745,0.0049,0.0207
CG1-246-548-2_20,Can_Gambus,CG,CT,0.8425,0.0627,0.0949
CG1-246-548-2_21,Can_Gambus,CG,CT,0.908,0.0361,0.0559
CG1-246-548-2_22,Can_Gambus,CG,CT,0.8284,0.1189,0.0527
CG1-246-548-2_23,Can_Gambus,CG,CT,0.9513,0.0295,0.0192
CG1-246-548-2_24,Can_Gambus,CG,CT,0.9546,0.0106,0.0348
CG1-246-548-2_25,Can_Gambus,CG,CT,0.78,0.0841,0.1359
CG1-246-548-2_26,Can_Gambus,CG,CT,0.9839,0.0101,0.0061
CG1-246-548-2_27,Can_Gambus,CG,CT,0.9292,0.0473,0.0235
CG1-246-548-2_28,Can_Gambus,CG,CT,0.6343,0.0071,0.3587
CG1-246-548-2_29,Can_Gambus,CG,PCM,0.1194,0.4769,0.4037
CG1-246-548-2_3,Can_Gambus,CG,CT,0.9631,0.0241,0.0128
CG1-246-548-2_4,Can_Gambus,CG,CT,0.9587,0.0226,0.0187
CG1-246-548-2_5,Can_Gambus,CG,CT,0.9106,0.0106,0.0788
CG1-246-548-2_6,Can_Gambus,CG,CT,0.7695,0.0342,0.1963
CG1-246-548-2_7,Can_Gambus,CG,PDLC,0.0156,0.0892,0.8952
CG1-246-548-2_8,Can_Gambus,CG,CT,0.9247,0.029,0.0463
CG1-246-548-2_9,Can_Gambus,CG,CT,0.9742,0.0071,0.0187
CG1-246-548-3_1,Can_Gambus,CG,CT,0.9723,0.0034,0.0243
CG1-246-548-3_2,Can_Gambus,CG,CT,0.8497,0.0911,0.0592
CG1-246-548-3_3,Can_Gambus,CG,CT,0.9696,0.0167,0.0137
CG1-246-548-3_4,Can_Gambus,CG,CT,0.98,0.01,0.0099
CG1-246-548-3_5,Can_Gambus,CG,CT,0.876,0.0951,0.0289
CG1-246-548-3_6,Can_Gambus,CG,CT,0.9721,0.0123,0.0157
CG1-246-548-3_7,Can_Gambus,CG,CT,0.9524,0.0284,0.0192
CG1-246-548-3_8,Can_Gambus,CG,CT,0.9411,0.0439,0.015
CG1-246-548-3_9,Can_Gambus,CG,CT,0.9802,0.0081,0.0117
CG1_E175A_1,Can_Gambus,CG,CT,0.9583,0.0332,0.0085
CG1_E175A_10,Can_Gambus,CG,CT,0.9411,0.0144,0.0445
CG1_E175A_11,Can_Gambus,CG,CT,0.9862,0.0067,0.0071
CG1_E175A_12,Can_Gambus,CG,CT,0.9466,0.0389,0.0145
CG1_E175A_2,Can_Gambus,CG,CT,0.9877,0.0074,0.0048
CG1_E175A_3,Can_Gambus,CG,CT,0.9842,0.006,0.0098
CG1_E175A_4,Can_Gambus,CG,CT,0.9886,0.0072,0.0042
CG1_E175A_5,Can_Gambus,CG,CT,0.9628,0.0274,0.0098
CG1_E175A_6,Can_Gambus,CG,CT,0.9662,0.0099,0.0239
CG1_E175A_7,Can_Gambus,CG,CT,0.9608,0.0288,0.0105
CG1_E175A_8,Can_Gambus,CG,CT,0.9433,0.0063,0.0504
CG1_E175A_9,Can_Gambus,CG,CT,0.9902,0.0039,0.006
CG1_E175B_1,Can_Gambus,CG,CT,0.9745,0.0036,0.0218
CG1_E175B_10,Can_Gambus,CG,CT,0.985,0.0039,0.0111
CG1_E175B_11,Can_Gambus,CG,CT,0.9782,0.0049,0.0169
CG1_E175B_12,Can_Gambus,CG,CT,0.9742,0.009,0.0168
CG1_E175B_13,Can_Gambus,CG,CT,0.9728,0.0198,0.0073
CG1_E175B_2,Can_Gambus,CG,CT,0.9797,0.0055,0.0148
CG1_E175B_3,Can_Gambus,CG,CT,0.9843,0.0101,0.0056
CG1_E175B_4,Can_Gambus,CG,CT,0.9635,0.0194,0.0172
CG1_E175B_5,Can_Gambus,CG,CT,0.9745,0.0175,0.008
CG1_E175B_6,Can_Gambus,CG,CT,0.9926,0.0032,0.0043
CG1_E175B_7,Can_Gambus,CG,CT,0.9768,0.0043,0.0189
CG1_E175B_8,Can_Gambus,CG,CT,0.9702,0.0226,0.0072
CG1_E175B_9,Can_Gambus,CG,CT,0.9914,0.0042,0.0044
MP-699,La_Serreta,LS,CT,0.9482,0.0271,0.0247
MP-753,La_Serreta,LS,CT,0.533,0.3523,0.1147
MP-754,La_Serreta,LS,PCM,0.1029,0.5854,0.3117
MP-755,La_Serreta,LS,PCM,0.0974,0.63,0.2726
MP-756,La_Serreta,LS,PCM,0.1041,0.5644,0.3315
MP-757,La_Serreta,LS,PCM,0.1011,0.5971,0.3017
MP-758,La_Serreta,LS,PCM,0.2622,0.4945,0.2432
MP-759,La_Serreta,LS,PCM,0.1866,0.4979,0.3155
MP-698,La_Serreta,LS,PDLC,0.0769,0.4483,0.4748
MP-701,La_Serreta,LS,CT,0.9641,0.0164,0.0195
MP-702,La_Serreta,LS,CT,0.991,0.0066,0.0024
MP-703,La_Serreta,LS,CT,0.9924,0.0051,0.0025
MP-704,La_Serreta,LS,CT,0.9576,0.0386,0.0038
MP-705,La_Serreta,LS,CT,0.9833,0.0098,0.0069
MP-706,La_Serreta,LS,CT,0.9754,0.0205,0.0041
MP-707,La_Serreta,LS,CT,0.9771,0.0172,0.0058
MP-708,La_Serreta,LS,CT,0.9693,0.0254,0.0053
MP-709,La_Serreta,LS,CT,0.9703,0.0255,0.0042
MP-710,La_Serreta,LS,CT,0.9637,0.0292,0.0071
MP-711,La_Serreta,LS,CT,0.9807,0.0161,0.0032
MP-712,La_Serreta,LS,CT,0.9867,0.0105,0.0028
MP-713,La_Serreta,LS,CT,0.9587,0.038,0.0033
MP-714,La_Serreta,LS,CT,0.9695,0.0244,0.0061
MP-715,La_Serreta,LS,CT,0.9907,0.0053,0.004
MP-716,La_Serreta,LS,CT,0.9473,0.0078,0.0449
MP-717,La_Serreta,LS,CT,0.971,0.0134,0.0156
MP-718,La_Serreta,LS,CT,0.986,0.0112,0.0029
MP-719,La_Serreta,LS,CT,0.9902,0.0033,0.0064
MP-720,La_Serreta,LS,CT,0.9892,0.008,0.0028
MP-721,La_Serreta,LS,CT,0.9836,0.0121,0.0043
MP-722,La_Serreta,LS,CT,0.9906,0.0068,0.0026
MP-723,La_Serreta,LS,CT,0.9761,0.0136,0.0102
MP-724,La_Serreta,LS,CT,0.9793,0.0171,0.0036
MP-725,La_Serreta,LS,CT,0.9918,0.0056,0.0026
MP-726,La_Serreta,LS,CT,0.9584,0.0389,0.0026
MP-727,La_Serreta,LS,CT,0.9825,0.0131,0.0044
MP-728,La_Serreta,LS,CT,0.9783,0.0148,0.0069
MP-729,La_Serreta,LS,CT,0.9885,0.0084,0.0032
MP-730,La_Serreta,LS,CT,0.9876,0.0097,0.0027
MP-731,La_Serreta,LS,CT,0.9231,0.0606,0.0163
MP-733,La_Serreta,LS,CT,0.9826,0.0091,0.0083
MP-734,La_Serreta,LS,CT,0.9798,0.0172,0.0029
MP-735,La_Serreta,LS,CT,0.9507,0.0405,0.0088
MP-737,La_Serreta,LS,CT,0.9914,0.0057,0.0029
MP-738,La_Serreta,LS,CT,0.9771,0.0177,0.0052
MP-739,La_Serreta,LS,CT,0.8074,0.108,0.0846
MP-740,La_Serreta,LS,CT,0.9778,0.0146,0.0076
MP-741,La_Serreta,LS,CT,0.9946,0.0029,0.0025
MP-742,La_Serreta,LS,CT,0.9561,0.0312,0.0127
MP-743,La_Serreta,LS,CT,0.9676,0.0271,0.0052
MP-744,La_Serreta,LS,CT,0.9701,0.0264,0.0036
MP-745,La_Serreta,LS,CT,0.9754,0.0183,0.0063
MP-746,La_Serreta,LS,CT,0.9772,0.0178,0.0049
MP-747,La_Serreta,LS,CT,0.9894,0.0081,0.0025
MP-748,La_Serreta,LS,CT,0.9866,0.0094,0.004
MP-749,La_Serreta,LS,CT,0.9849,0.0104,0.0047
MP-750,La_Serreta,LS,CT,0.9773,0.0191,0.0036
MP-751,La_Serreta,LS,CT,0.9878,0.0092,0.003
MP-752,La_Serreta,LS,CT,0.9631,0.0294,0.0075
MP-865,Can_Sandurni,CS,CT,0.9673,0.0129,0.0197
MP-795,Can_Sandurni,CS,CT,0.6502,0.2624,0.0873
MP-797,Can_Sandurni,CS,PDLC,0.0069,0.4185,0.5745
MP-348,Can_Sandurni,CS,CT,0.5633,0.3785,0.0581
MP-782,Can_Sandurni,CS,CT,0.9302,0.0326,0.0372
MP-783,Can_Sandurni,CS,PCM,0.3603,0.6018,0.0378
MP-784,Can_Sandurni,CS,PDLC,0.0755,0.1144,0.8101
MP-1555,Can_Sandurni,CS,CT,0.7418,0.0136,0.2445
MP-972,Cova_Cassinmanya,CC,CT,0.9852,0.0064,0.0085
MP-974,Cova_Cassinmanya,CC,CT,0.8595,0.0134,0.1271
MP-975,Cova_Cassinmanya,CC,CT,0.9756,0.0066,0.0178
MP-978,Cova_Cassinmanya,CC,CT,0.6832,0.039,0.2778
MP-980,Cova_Cassinmanya,CC,CT,0.6082,0.1024,0.2894
MP-982,Cova_Cassinmanya,CC,CT,0.9272,0.0525,0.0203
MP-984,Cova_Cassinmanya,CC,CT,0.8195,0.0163,0.1642
MP-985,Cova_Cassinmanya,CC,CT,0.6418,0.1984,0.1597
MP-987,Cova_Cassinmanya,CC,CT,0.7389,0.0107,0.2505
MP-990,Cova_Cassinmanya,CC,CT,0.7155,0.2153,0.0692
MP-991,Cova_Cassinmanya,CC,CT,0.9157,0.0702,0.0142
MP-1002,Cova_Cassinmanya,CC,CT,0.9854,0.0072,0.0074
MP-824,Roca_Livet,RL,PCM,0.0135,0.6931,0.2934
MP-823,Roca_Livet,RL,PDLC,0.0101,0.432,0.5578
MP-825,Roca_Livet,RL,PDLC,0.017,0.1017,0.8813
MP-826,Roca_Livet,RL,PCM,0.0124,0.5667,0.4209
MP-827,Roca_Livet,RL,PDLC,0.0071,0.4778,0.5151
MP-828,Roca_Livet,RL,PDLC,0.0363,0.1214,0.8423
MP-830,Roca_Livet,RL,PDLC,0.0067,0.4336,0.5597
MP-831,Roca_Livet,RL,PCM,0.0073,0.75,0.2427
MP-832,Roca_Livet,RL,PCM,0.006,0.5617,0.4323
MP-833,Roca_Livet,RL,PDLC,0.0125,0.1815,0.806
MP-834,Roca_Livet,RL,PDLC,0.0186,0.2701,0.7113
MP-853,Roca_Livet,RL,PDLC,0.0064,0.1074,0.8862
MP-860,Roca_Livet,RL,CT,0.6049,0.0223,0.3728
MP-862,Roca_Livet,RL,PDLC,0.0045,0.4608,0.5347
MP-863,Roca_Livet,RL,PDLC,0.0059,0.0162,0.9778
MP-864,Roca_Livet,RL,PDLC,0.0051,0.1336,0.8613
A3,Auverne,A,PDLC,0.0273,0.0317,0.941
A1,Auverne,A,PDLC,0.0273,0.0317,0.941
A2,Auverne,A,PDLC,0.0273,0.0317,0.941
J5,Josseliere,J ,PDLC,0.0061,0.0543,0.9396
J4,Josseliere,J ,PDLC,0.0061,0.0543,0.9396
J6,Josseliere,J ,PDLC,0.0061,0.0543,0.9396
J8,Josseliere,J ,PDLC,0.0061,0.0543,0.9396
J7,Josseliere,J ,PDLC,0.0061,0.0543,0.9396
J9,Josseliere,J ,PDLC,0.0061,0.0543,0.9396
J1,Josseliere,J ,PDLC,0.0061,0.0678,0.9261
J2,Josseliere,J ,PDLC,0.0062,0.0763,0.9174
J3,Josseliere,J ,PDLC,0.0062,0.0737,0.92
K1,Kervilor,K ,PDLC,0.0061,0.0559,0.938
K6,Kervilor,K ,PDLC,0.0061,0.0602,0.9337
K9,Kervilor,K ,PDLC,0.0061,0.0543,0.9396
K27,Kervilor,K ,PDLC,0.0061,0.0543,0.9396
K8,Kervilor,K ,PDLC,0.0061,0.0543,0.9396
K25,Kervilor,K ,PDLC,0.0061,0.0543,0.9396
K26,Kervilor,K ,PDLC,0.0061,0.0543,0.9396
K13,Kervilor,K ,PDLC,0.0061,0.0543,0.9396
K14,Kervilor,K ,PDLC,0.0061,0.0543,0.9396
K23,Kervilor,K ,PDLC,0.0061,0.0543,0.9396
K15,Kervilor,K ,PDLC,0.0061,0.0543,0.9396
K22,Kervilor,K ,PDLC,0.0061,0.0543,0.9396
K24,Kervilor,K ,PDLC,0.0061,0.0543,0.9396
K2,Kervilor,K ,PDLC,0.0061,0.0536,0.9403
K3,Kervilor,K ,PDLC,0.0061,0.0545,0.9395
K31,Kervilor,K ,PDLC,0.0061,0.0543,0.9396
K34,Kervilor,K ,PDLC,0.0062,0.0658,0.928
K33,Kervilor,K ,PDLC,0.006,0.063,0.931
K18,Kervilor,K ,PDLC,0.0061,0.0637,0.9302
K28,Kervilor,K ,PDLC,0.0061,0.0641,0.9297
K16,Kervilor,K ,PDLC,0.0061,0.0637,0.9302
K20,Kervilor,K ,PDLC,0.0061,0.0637,0.9302
K5,Kervilor,K ,PDLC,0.006,0.0624,0.9315
K4,Kervilor,K ,PDLC,0.0061,0.0627,0.9312
K29,Kervilor,K ,PDLC,0.0061,0.0641,0.9297
K30,Kervilor,K ,PDLC,0.0061,0.0644,0.9295
K32,Kervilor,K ,PDLC,0.0061,0.0676,0.9263
K21,Kervilor,K ,PDLC,0.0061,0.0641,0.9297
K10,Kervilor,K ,PDLC,0.0061,0.0631,0.9308
K11,Kervilor,K ,PDLC,0.0061,0.0627,0.9312
K12,Kervilor,K ,PDLC,0.0061,0.0627,0.9312
K35,Kervilor,K ,PDLC,0.0061,0.0627,0.9312
K19,Kervilor,K ,PDLC,0.0061,0.0641,0.9297
L4,Luffang,L ,PDLC,0.0073,0.0946,0.898
L1,Luffang,L ,PDLC,0.0073,0.0946,0.898
L2,Luffang,L ,PDLC,0.0073,0.0946,0.898
L5,Luffang,L ,PDLC,0.0073,0.0946,0.898
L6,Luffang,L ,PDLC,0.0073,0.0926,0.9
L3,Luffang,L ,PDLC,0.0073,0.0946,0.898
L7,Luffang,L ,PDLC,0.0075,0.1236,0.8688
L8,Luffang,L ,PDLC,0.0076,0.121,0.8715
L9,Luffang,L ,PDLC,0.0084,0.112,0.8796
P2,Plinchacourt,PL ,PDLC,0.0063,0.0641,0.9296
P1,Plinchacourt,PL ,PDLC,0.0063,0.074,0.9197
T3,SaintMichel,StM,PDLC,0.0061,0.0543,0.9396
T2,SaintMichel,StM,PDLC,0.0061,0.0543,0.9396
T1,SaintMichel,StM,PDLC,0.0061,0.0543,0.9396
