id,Site,Yac,Prediction,prediction_score_CT,prediction_score_PCM,prediction_score_PDLC
PQ01,Quiruelas,PQ,PDLC,0.0098,0.0933,0.8969
PQ02,Quiruelas,PQ,PDLC,0.0138,0.0879,0.8983
PQ04,Quiruelas,PQ,PDLC,0.0124,0.0876,0.9
PQ07,Quiruelas,PQ,PDLC,0.0085,0.398,0.5935
PQ08,Quiruelas,PQ,PDLC,0.0111,0.0809,0.908
PQ09,Quiruelas,PQ,PDLC,0.0068,0.0561,0.9372
La01,Quiruelas,PQ,PDLC,0.0087,0.1218,0.8695
LAJB09,Quiruelas,PQ,PDLC,0.014,0.0639,0.9221
PQJB12,Quiruelas,PQ,PDLC,0.0133,0.0314,0.9553
LAJB14,Quiruelas,PQ,PDLC,0.0084,0.0412,0.9505
PQJB13,Quiruelas,PQ,PDLC,0.0095,0.0297,0.9608
LA01,Quiruelas,PQ,PDLC,0.0088,0.1581,0.8331
LA02,Quiruelas,PQ,PDLC,0.0379,0.0436,0.9185
LA03,Quiruelas,PQ,PDLC,0.012,0.1185,0.8695
LA04-1,Quiruelas,PQ,PDLC,0.007,0.0895,0.9034
LA04-2,Quiruelas,PQ,PDLC,0.0119,0.1686,0.8195
LA04-3,Quiruelas,PQ,PDLC,0.0107,0.1097,0.8797
LA05,Quiruelas,PQ,PCM,0.0137,0.6158,0.3705
LA06,Quiruelas,PQ,PDLC,0.0095,0.069,0.9215
LA07,Quiruelas,PQ,PDLC,0.0086,0.1888,0.8026
LA08,Quiruelas,PQ,PDLC,0.0064,0.4598,0.5339
LA09,Quiruelas,PQ,PDLC,0.0136,0.1941,0.7923
LA11,Quiruelas,PQ,PDLC,0.0208,0.0621,0.9172
LA12,Quiruelas,PQ,PCM,0.0097,0.6011,0.3893
LA13,Quiruelas,PQ,PCM,0.0063,0.6259,0.3679
LA14,Quiruelas,PQ,PCM,0.0075,0.5848,0.4077
LA15,Quiruelas,PQ,PDLC,0.0089,0.1926,0.7985
LA16,Quiruelas,PQ,PDLC,0.009,0.1089,0.8821
LA17,Quiruelas,PQ,PDLC,0.0119,0.1238,0.8643
LA18,Quiruelas,PQ,PDLC,0.0138,0.2554,0.7309
LA19,Quiruelas,PQ,PDLC,0.0095,0.1467,0.8437
PQLR01,Quiruelas,PQ,PDLC,0.0175,0.118,0.8645
PQLR02,Quiruelas,PQ,PDLC,0.0096,0.1432,0.8473
PQLR03,Quiruelas,PQ,PDLC,0.0128,0.0678,0.9194
PQLR04,Quiruelas,PQ,PDLC,0.0083,0.0629,0.9288
PQLR05,Quiruelas,PQ,PDLC,0.0082,0.1057,0.8861
PQLR06,Quiruelas,PQ,PDLC,0.0095,0.1243,0.8662
PQLR07,Quiruelas,PQ,PDLC,0.0098,0.1935,0.7967
PQLR08,Quiruelas,PQ,PDLC,0.0087,0.1225,0.8688
PQLR10,Quiruelas,PQ,PDLC,0.011,0.1168,0.8722
PQLR11,Quiruelas,PQ,PDLC,0.0111,0.0656,0.9233
PQLR12,Quiruelas,PQ,PDLC,0.0071,0.3138,0.6791
PQLR13,Quiruelas,PQ,PDLC,0.0123,0.2212,0.7666
PQLR14,Quiruelas,PQ,PDLC,0.0107,0.3182,0.6712
PQLR15,Quiruelas,PQ,PDLC,0.0088,0.2667,0.7246
PQLR16,Quiruelas,PQ,PDLC,0.0116,0.3645,0.6239
PQLR17,Quiruelas,PQ,PDLC,0.0063,0.412,0.5817
PQLR18,Quiruelas,PQ,PDLC,0.0146,0.022,0.9634
PQLR19,Quiruelas,PQ,PCM,0.0137,0.5835,0.4028
PQLR20,Quiruelas,PQ,PDLC,0.013,0.065,0.922
PQLR21,Quiruelas,PQ,PDLC,0.021,0.0235,0.9556
PQLR22,Quiruelas,PQ,PDLC,0.0059,0.138,0.8561
VH/3C/21,V_Higueras,VdH,PDLC,0.0216,0.0193,0.9591
VH/3C/23,V_Higueras,VdH,PDLC,0.0299,0.0159,0.9542
VH/3C/26,V_Higueras,VdH,PDLC,0.0325,0.0303,0.9372
VH/3C/27,V_Higueras,VdH,PDLC,0.0271,0.0144,0.9585
VH/3C/28,V_Higueras,VdH,PDLC,0.0065,0.0257,0.9678
VH/3C/29,V_Higueras,VdH,PCM,0.0114,0.7335,0.2551
VH/3C/30,V_Higueras,VdH,PDLC,0.0071,0.0073,0.9856
VH/3C/31,V_Higueras,VdH,PDLC,0.1676,0.0075,0.8249
VH/3C/32,V_Higueras,VdH,PDLC,0.0111,0.3511,0.6378
VH/3C/33,V_Higueras,VdH,PDLC,0.0058,0.0079,0.9863
VH/3C/34,V_Higueras,VdH,PDLC,0.0111,0.0079,0.981
VH/3C/35,V_Higueras,VdH,PDLC,0.0067,0.005,0.9882
VH/3C/36,V_Higueras,VdH,PCM,0.0537,0.619,0.3272
VH/3C/37,V_Higueras,VdH,PDLC,0.0058,0.0159,0.9783
VH/3C/38,V_Higueras,VdH,PDLC,0.0157,0.0049,0.9794
VH/3C/39,V_Higueras,VdH,PDLC,0.0055,0.0069,0.9876
VH/3C/40,V_Higueras,VdH,PDLC,0.0282,0.0218,0.95
VH/3C/41,V_Higueras,VdH,PDLC,0.0423,0.0076,0.9501
VH/3C/42,V_Higueras,VdH,PDLC,0.0059,0.0246,0.9695
VH/3C/43,V_Higueras,VdH,PDLC,0.0072,0.1561,0.8367
VH/3C/44,V_Higueras,VdH,PDLC,0.007,0.1393,0.8537
VH/3c/45,V_Higueras,VdH,PDLC,0.0163,0.0121,0.9716
VH/3C/49,V_Higueras,VdH,PDLC,0.0054,0.0184,0.9762
VH/3C/50,V_Higueras,VdH,PDLC,0.0136,0.0759,0.9105
VH/3C/51,V_Higueras,VdH,PDLC,0.0151,0.0084,0.9765
VH/3C/52,V_Higueras,VdH,PDLC,0.0075,0.0297,0.9628
VH/3C/53,V_Higueras,VdH,PDLC,0.0185,0.0201,0.9615
VH/3C/56,V_Higueras,VdH,PDLC,0.02,0.0048,0.9752
VH/3C/57,V_Higueras,VdH,PDLC,0.0058,0.0113,0.9829
VH/3C/58,V_Higueras,VdH,PDLC,0.0159,0.0103,0.9738
VH/3C/59,V_Higueras,VdH,PDLC,0.0052,0.0061,0.9887
VH/3C/61,V_Higueras,VdH,PDLC,0.0059,0.0467,0.9473
VH/3C/62,V_Higueras,VdH,PDLC,0.0155,0.2204,0.7642
VH/3C/63,V_Higueras,VdH,PDLC,0.0174,0.0048,0.9778
VH/C1/C1/I/22,V_Higueras,VdH,PDLC,0.3929,0.1651,0.442
VH/C1/C1/I/23 (grande),V_Higueras,VdH,PDLC,0.0084,0.4165,0.5752
VH/C1/C1/I/24,V_Higueras,VdH,PDLC,0.0086,0.0361,0.9554
VH/C1/C1/I/26,V_Higueras,VdH,PDLC,0.0176,0.0188,0.9636
VH/C1/C1/I/27,V_Higueras,VdH,PDLC,0.0094,0.232,0.7586
VH/C1/C1/I/28,V_Higueras,VdH,PDLC,0.0096,0.2136,0.7768
VH/C1/C1/I/29,V_Higueras,VdH,PDLC,0.0095,0.3271,0.6635
VH/C1/C1/I/30,V_Higueras,VdH,PDLC,0.0107,0.2978,0.6915
VH/C1/C1/I/31,V_Higueras,VdH,PDLC,0.008,0.0104,0.9817
VH/C1/C1/I/31,V_Higueras,VdH,PDLC,0.0087,0.0124,0.9789
VH/C1/C1/I/32,V_Higueras,VdH,PDLC,0.0081,0.1738,0.8181
VH/C1/C1/I/33,V_Higueras,VdH,PDLC,0.0074,0.1978,0.7949
VH/C1/C1/I/34,V_Higueras,VdH,PDLC,0.0083,0.1212,0.8704
VH/C1/C1/I/35,V_Higueras,VdH,PDLC,0.0256,0.3231,0.6514
VH/C1/C1/I/36,V_Higueras,VdH,PDLC,0.03,0.1728,0.7972
VH/C1/C1/I/37,V_Higueras,VdH,PDLC,0.0288,0.2757,0.6955
VH/C1/C1/I/38,V_Higueras,VdH,PDLC,0.0125,0.0831,0.9043
VH/C1/C1/I/39,V_Higueras,VdH,PDLC,0.0083,0.0584,0.9333
VH/C1/C1/I/40,V_Higueras,VdH,PDLC,0.0094,0.0288,0.9618
VH/C1/C1/I/41,V_Higueras,VdH,PDLC,0.0155,0.3231,0.6614
VH/C1/C1/I/42,V_Higueras,VdH,PDLC,0.0088,0.0911,0.9002
VH/C1/C1/I/43,V_Higueras,VdH,PDLC,0.0408,0.2559,0.7033
VH/C1/C1/I/44,V_Higueras,VdH,PDLC,0.0169,0.1251,0.858
VH/C1/C1/I/45,V_Higueras,VdH,PDLC,0.0089,0.0375,0.9536
VH/C1/C1/I/46,V_Higueras,VdH,PDLC,0.0102,0.0254,0.9644
VH/C1/C1/I/47,V_Higueras,VdH,PDLC,0.0071,0.0759,0.917
VH/C1/C1/I/48,V_Higueras,VdH,PDLC,0.007,0.0978,0.8952
VH/C1/C1/I/49,V_Higueras,VdH,PCM,0.0089,0.5193,0.4718
VH/C1/C1/I/50,V_Higueras,VdH,PDLC,0.0068,0.0711,0.9221
VH/C1/C1/I/51,V_Higueras,VdH,PDLC,0.0115,0.3314,0.6571
VH/C1/C1/I/53,V_Higueras,VdH,PDLC,0.0701,0.2096,0.7203
VH/C1/C1/I/54,V_Higueras,VdH,PDLC,0.0077,0.0937,0.8986
VH/C1/C1/I/55,V_Higueras,VdH,PCM,0.022,0.5843,0.3938
VH/C1/C1/I/56,V_Higueras,VdH,PDLC,0.0071,0.0738,0.9192
VH/C1/C1/I/57,V_Higueras,VdH,PDLC,0.0079,0.2826,0.7095
VH/C1/C1/I/58,V_Higueras,VdH,PDLC,0.0083,0.1624,0.8293
VH/C1/C1/I/59,V_Higueras,VdH,PDLC,0.0085,0.1421,0.8494
VH/C1/C1/I/60,V_Higueras,VdH,PDLC,0.0106,0.2692,0.7202
VH/C1/C1/I/61,V_Higueras,VdH,PDLC,0.0107,0.2219,0.7674
VH/C1/C1/I/62,V_Higueras,VdH,PDLC,0.0072,0.0766,0.9162
VH/C1/C1/I/63,V_Higueras,VdH,PDLC,0.0418,0.4513,0.5069
VH/C1/C1/I/64,V_Higueras,VdH,PDLC,0.01,0.1118,0.8782
VH/C1/C1/I/65,V_Higueras,VdH,PDLC,0.0073,0.0917,0.901
VH/C1/C1/I/66,V_Higueras,VdH,PDLC,0.007,0.0656,0.9274
VH/C1/C1/I/67,V_Higueras,VdH,PCM,0.0505,0.5591,0.3904
VH/C1/C1/I/69,V_Higueras,VdH,PDLC,0.0139,0.4771,0.5089
VH/C1/C1/I/70,V_Higueras,VdH,PCM,0.0522,0.7659,0.182
VH/C1/C1/I/71,V_Higueras,VdH,PDLC,0.0108,0.393,0.5962
VH/C1/C1/I/72,V_Higueras,VdH,PDLC,0.0093,0.3366,0.654
VH/C1/C1/I/73,V_Higueras,VdH,PDLC,0.11,0.0611,0.8289
VH/C1/C1/I/74,V_Higueras,VdH,PDLC,0.2183,0.1102,0.6715
VH/C1/C1/I/75,V_Higueras,VdH,PDLC,0.0078,0.1736,0.8186
VH/C1/C1/I/76,V_Higueras,VdH,PDLC,0.0175,0.2237,0.7588
VH/C1/C1/I/77,V_Higueras,VdH,PDLC,0.0113,0.2184,0.7703
VH/C1/C1/I/79,V_Higueras,VdH,PDLC,0.0077,0.0907,0.9016
VH/C1/C1/I/80,V_Higueras,VdH,PDLC,0.0074,0.1581,0.8345
VH/C1/C1/I/81,V_Higueras,VdH,PCM,0.0297,0.693,0.2773
VH/C1/C1/I/82,V_Higueras,VdH,PDLC,0.0145,0.0627,0.9228
VH/C1/C1/II/12,V_Higueras,VdH,PDLC,0.0106,0.174,0.8154
VH/C1/C1/II/13,V_Higueras,VdH,PCM,0.0149,0.748,0.2372
VH/C1/C1/II/14,V_Higueras,VdH,PDLC,0.0223,0.204,0.7737
VH/C1/C1/II/15,V_Higueras,VdH,PDLC,0.0127,0.3819,0.6055
VH/C1/C1/II/16,V_Higueras,VdH,PDLC,0.0121,0.2614,0.7264
VH/C1/C1/II/17,V_Higueras,VdH,PDLC,0.0091,0.2674,0.7235
VH/C1/C1/II/18,V_Higueras,VdH,PDLC,0.0109,0.1903,0.7989
VH/C1/C1/II/19,V_Higueras,VdH,PDLC,0.0131,0.0671,0.9199
VH/C1/C1/II/20,V_Higueras,VdH,PDLC,0.0136,0.1125,0.8739
VH/C1/C1/II/21,V_Higueras,VdH,PDLC,0.0346,0.3599,0.6054
VH/C1/C1/II/24,V_Higueras,VdH,PDLC,0.0108,0.2792,0.71
VH/C1/C1/II/26,V_Higueras,VdH,PDLC,0.0546,0.07,0.8754
VH/C1/C1/II/27,V_Higueras,VdH,PDLC,0.0119,0.4784,0.5097
VH/C1/C1/II/28,V_Higueras,VdH,PDLC,0.0507,0.0638,0.8856
VH/C1/C1/II/29,V_Higueras,VdH,CT,0.6263,0.1209,0.2528
VH/C1/C1/II/30,V_Higueras,VdH,PDLC,0.0601,0.4487,0.4912
VH/C1/C1/II/31,V_Higueras,VdH,PDLC,0.1369,0.1094,0.7537
VH/C1/C1/II/32,V_Higueras,VdH,PDLC,0.0094,0.1515,0.8391
VH/C1/C1/II/33,V_Higueras,VdH,PCM,0.0124,0.6049,0.3827
VH/C1/C1/II/34,V_Higueras,VdH,PDLC,0.0107,0.3679,0.6214
VH/C1/C1/II/36,V_Higueras,VdH,PDLC,0.0114,0.2546,0.734
VH/C1/C1/II/38,V_Higueras,VdH,PDLC,0.011,0.1532,0.8358
VH/C1/C1/II/40,V_Higueras,VdH,PDLC,0.0121,0.4081,0.5798
VH/C1/C1/II/41,V_Higueras,VdH,PDLC,0.009,0.2176,0.7734
VH/C1/C1/II/42,V_Higueras,VdH,PDLC,0.03,0.3628,0.6073
VH/C1/C1/II/43,V_Higueras,VdH,PDLC,0.0135,0.2122,0.7743
VH/C1/C1/II/45,V_Higueras,VdH,PCM,0.0105,0.5623,0.4272
VH/C1/C1/II/46,V_Higueras,VdH,PDLC,0.0125,0.1079,0.8796
VH/C1/C1/II/48,V_Higueras,VdH,PDLC,0.0117,0.1597,0.8286
VH/C1/C1/II/49,V_Higueras,VdH,PCM,0.0497,0.5016,0.4487
VH/C1/C1/II/50,V_Higueras,VdH,PDLC,0.0159,0.3296,0.6545
VH/C1/C1/II/51,V_Higueras,VdH,PDLC,0.0136,0.4753,0.5112
VH/C1/C1/II/52,V_Higueras,VdH,PDLC,0.2023,0.3596,0.4381
VH/C1/P1/21,V_Higueras,VdH,PDLC,0.0102,0.1198,0.87
VH/C1/P1/22,V_Higueras,VdH,PCM,0.0828,0.5975,0.3197
VH/C1/P1/23 (pequena),V_Higueras,VdH,PDLC,0.0115,0.1167,0.8719
VH/C1/Pi/2,V_Higueras,VdH,PCM,0.0137,0.6004,0.3859
VH/C1/Pi/3,V_Higueras,VdH,PDLC,0.0112,0.2842,0.7045
VH/C1/Pi/4,V_Higueras,VdH,PCM,0.0089,0.6155,0.3756
VH/C1/Pi/5,V_Higueras,VdH,PCM,0.0194,0.5365,0.4441
VH/C7/N/13,V_Higueras,VdH,PDLC,0.0248,0.13,0.8452
VH/C7/N/14,V_Higueras,VdH,PDLC,0.0114,0.1187,0.87
VH01/3B/31,V_Higueras,VdH,PDLC,0.0102,0.1485,0.8413
VH01/3B/32,V_Higueras,VdH,PCM,0.0152,0.4984,0.4863
VH01/3B/33,V_Higueras,VdH,PDLC,0.0127,0.2761,0.7113
VH01/3B/34,V_Higueras,VdH,PCM,0.0074,0.699,0.2935
VH01/3B/35,V_Higueras,VdH,PDLC,0.0451,0.1972,0.7578
VH01/3B/36,V_Higueras,VdH,PCM,0.0122,0.6716,0.3161
VH01/3B/37,V_Higueras,VdH,PDLC,0.0298,0.1903,0.7799
VH01/3B/38,V_Higueras,VdH,PDLC,0.0105,0.1544,0.8351
VH01/3B/39,V_Higueras,VdH,PDLC,0.0112,0.2129,0.776
VH01/3B/40,V_Higueras,VdH,PCM,0.0209,0.8219,0.1572
VH01/3B/41,V_Higueras,VdH,PDLC,0.1834,0.0284,0.7882
VH01/3B/42,V_Higueras,VdH,PCM,0.0093,0.5954,0.3954
VH01/3B/43,V_Higueras,VdH,PDLC,0.0093,0.1433,0.8474
VH01/3B/44,V_Higueras,VdH,PDLC,0.0097,0.0641,0.9261
VH01/3B/45,V_Higueras,VdH,PDLC,0.0193,0.263,0.7177
VH01/3B/49,V_Higueras,VdH,PDLC,0.0239,0.4542,0.5219
VH01/3B/50,V_Higueras,VdH,PDLC,0.0107,0.1761,0.8132
VH01/3B/51,V_Higueras,VdH,PDLC,0.0101,0.2195,0.7704
VH01/3B/52,V_Higueras,VdH,PDLC,0.0246,0.2079,0.7675
VH01/3B/54,V_Higueras,VdH,PDLC,0.0394,0.0301,0.9305
VH01/3B/55,V_Higueras,VdH,PDLC,0.0374,0.1908,0.7718
VH01/3B/56,V_Higueras,VdH,PDLC,0.0195,0.0814,0.8992
VH01/3B/57,V_Higueras,VdH,PCM,0.0194,0.572,0.4086
VH01/3B/58,V_Higueras,VdH,PDLC,0.0083,0.2256,0.7661
VH01/3B/60,V_Higueras,VdH,PDLC,0.0091,0.2792,0.7116
VH01/3B/61,V_Higueras,VdH,PDLC,0.0145,0.2537,0.7318
VH04/6/C4/S/2,V_Higueras,VdH,PDLC,0.0394,0.1502,0.8104
VH04/6/C4/S/3,V_Higueras,VdH,PDLC,0.0099,0.2823,0.7078
VH99/C1/SR/100,V_Higueras,VdH,PDLC,0.0117,0.0815,0.9069
VH99/C1/SR/102,V_Higueras,VdH,PDLC,0.0162,0.2116,0.7722
VH99/C1/SR/103,V_Higueras,VdH,PDLC,0.0089,0.227,0.764
VH99/C1/SR/104,V_Higueras,VdH,PDLC,0.0116,0.1215,0.8668
VH99/C1/SR/107,V_Higueras,VdH,PDLC,0.0106,0.0677,0.9217
VH99/C1/SR/108,V_Higueras,VdH,PDLC,0.0142,0.3262,0.6596
VH99/C1/SR/109,V_Higueras,VdH,PCM,0.0155,0.6071,0.3774
VH99/C1/SR/110,V_Higueras,VdH,PDLC,0.011,0.466,0.523
VH99/C1/SR/111,V_Higueras,VdH,PDLC,0.0173,0.2614,0.7213
VH99/C1/SR/112,V_Higueras,VdH,PDLC,0.0098,0.204,0.7862
VH99/C1/SR/113,V_Higueras,VdH,PDLC,0.0463,0.3492,0.6046
VH99/C1/SR/115,V_Higueras,VdH,PDLC,0.1647,0.2997,0.5356
VH99/C1/SR/116,V_Higueras,VdH,PDLC,0.0201,0.3332,0.6467
VH99/C1/SR/117,V_Higueras,VdH,PDLC,0.0087,0.0402,0.9511
VH99/C1/SR/118,V_Higueras,VdH,PDLC,0.0067,0.0562,0.9371
VH99/C1/SR/119,V_Higueras,VdH,PDLC,0.0237,0.1477,0.8286
VH99/C1/SR/120,V_Higueras,VdH,PCM,0.0111,0.6231,0.3658
VH99/C1/SR/121,V_Higueras,VdH,PDLC,0.0138,0.1438,0.8424
VH99/C1/SR/123,V_Higueras,VdH,PDLC,0.0188,0.0374,0.9438
VH99/C1/SR/124,V_Higueras,VdH,PDLC,0.0089,0.1923,0.7988
VH99/C1/SR/125,V_Higueras,VdH,PCM,0.0341,0.5906,0.3753
VH99/C1/SR/127,V_Higueras,VdH,PDLC,0.0092,0.2857,0.7051
VH99/C1/SR/128,V_Higueras,VdH,PDLC,0.011,0.2366,0.7524
VH99/C1/SR/129,V_Higueras,VdH,PDLC,0.0101,0.444,0.5459
VH99/C1/SR/130,V_Higueras,VdH,PDLC,0.0113,0.3948,0.5939
VH99/C1/SR/132,V_Higueras,VdH,PCM,0.0133,0.5087,0.4779
VH99/C1/SR/133,V_Higueras,VdH,PDLC,0.0112,0.2285,0.7603
VH99/C1/SR/134,V_Higueras,VdH,PDLC,0.0316,0.4401,0.5283
VH99/C1/SR/135,V_Higueras,VdH,PDLC,0.02,0.2367,0.7432
VH99/C1/SR/136,V_Higueras,VdH,PCM,0.0149,0.596,0.389
VH99/C1/SR/137,V_Higueras,VdH,PDLC,0.0134,0.463,0.5236
VH99/C1/SR/138,V_Higueras,VdH,PDLC,0.0232,0.089,0.8877
VH99/C1/SR/140,V_Higueras,VdH,CT,0.4193,0.3707,0.21
VH99/C1/SR/141,V_Higueras,VdH,PDLC,0.0168,0.4309,0.5523
VH99/C1/SR/19,V_Higueras,VdH,PCM,0.0363,0.8067,0.157
VH99/C1/SR/21,V_Higueras,VdH,PDLC,0.0149,0.4606,0.5245
VH99/C1/SR/22,V_Higueras,VdH,PDLC,0.0185,0.3458,0.6358
VH99/C1/SR/24,V_Higueras,VdH,PCM,0.0121,0.6143,0.3736
VH99/C1/SR/25,V_Higueras,VdH,PDLC,0.0124,0.2957,0.6918
VH99/C1/SR/26,V_Higueras,VdH,PCM,0.0374,0.698,0.2647
VH99/C1/SR/27,V_Higueras,VdH,PDLC,0.0087,0.2252,0.7661
VH99/C1/SR/28,V_Higueras,VdH,PDLC,0.0091,0.2304,0.7605
VH99/C1/SR/29,V_Higueras,VdH,PDLC,0.0093,0.3068,0.6838
VH99/C1/SR/30,V_Higueras,VdH,PDLC,0.0088,0.2284,0.7628
VH99/C1/SR/31,V_Higueras,VdH,PDLC,0.0082,0.1858,0.806
VH99/C1/SR/33,V_Higueras,VdH,PDLC,0.0069,0.1234,0.8697
VH99/C1/SR/34,V_Higueras,VdH,PDLC,0.0089,0.243,0.7482
VH99/C1/SR/35,V_Higueras,VdH,PCM,0.0138,0.5138,0.4724
VH99/C1/SR/36,V_Higueras,VdH,PDLC,0.0099,0.0947,0.8954
VH99/C1/SR/37,V_Higueras,VdH,PDLC,0.3355,0.09,0.5745
VH99/C1/SR/38,V_Higueras,VdH,PDLC,0.0438,0.0908,0.8654
VH99/C1/SR/39,V_Higueras,VdH,PCM,0.0176,0.5115,0.4709
VH99/C1/SR/40,V_Higueras,VdH,PDLC,0.012,0.1215,0.8665
VH99/C1/SR/41,V_Higueras,VdH,PDLC,0.1194,0.0461,0.8345
VH99/C1/SR/42,V_Higueras,VdH,PDLC,0.0313,0.4447,0.524
VH99/C1/SR/43,V_Higueras,VdH,PDLC,0.0095,0.4242,0.5663
VH99/C1/SR/44,V_Higueras,VdH,PDLC,0.0125,0.0472,0.9403
VH99/C1/SR/45,V_Higueras,VdH,PDLC,0.0104,0.2394,0.7502
VH99/C1/SR/46,V_Higueras,VdH,PDLC,0.0099,0.273,0.7171
VH99/C1/SR/47,V_Higueras,VdH,PDLC,0.0462,0.2401,0.7137
VH99/C1/SR/48,V_Higueras,VdH,PDLC,0.0087,0.2759,0.7154
VH99/C1/SR/49,V_Higueras,VdH,PDLC,0.0158,0.0872,0.897
VH99/C1/SR/50,V_Higueras,VdH,PDLC,0.0094,0.3012,0.6894
prediction_score_PCM,V_Higueras,VdH,PDLC,0.0086,0.1224,0.869
0.0173,V_Higueras,VdH,PDLC,0.0094,0.1979,0.7927
0.0123,V_Higueras,VdH,PDLC,0.0121,0.2721,0.7158
0.24,V_Higueras,VdH,PDLC,0.0106,0.3176,0.6718
0.1705,V_Higueras,VdH,PDLC,0.0087,0.0516,0.9397
0.0093,V_Higueras,VdH,PDLC,0.0103,0.1232,0.8665
0.3017,V_Higueras,VdH,PDLC,0.016,0.2182,0.7657
0.1133,V_Higueras,VdH,PDLC,0.0094,0.1377,0.853
0.0508,V_Higueras,VdH,PDLC,0.011,0.1536,0.8354
0.0045,V_Higueras,VdH,PDLC,0.0091,0.1243,0.8666
0.3378,V_Higueras,VdH,PDLC,0.0104,0.3438,0.6459
,V_Higueras,VdH,PDLC,0.0105,0.1741,0.8154
,V_Higueras,VdH,PDLC,0.0184,0.3553,0.6263
,V_Higueras,VdH,PDLC,0.1967,0.2861,0.5172
,V_Higueras,VdH,PDLC,0.0112,0.4215,0.5672
,V_Higueras,VdH,PDLC,0.0118,0.1841,0.8041
,V_Higueras,VdH,PDLC,0.0104,0.4362,0.5533
,V_Higueras,VdH,PDLC,0.0147,0.0598,0.9255
,V_Higueras,VdH,PDLC,0.0139,0.0504,0.9357
,V_Higueras,VdH,PDLC,0.0103,0.141,0.8487
,V_Higueras,VdH,PDLC,0.0101,0.3453,0.6446
,V_Higueras,VdH,PDLC,0.0099,0.2075,0.7826
,V_Higueras,VdH,PCM,0.0235,0.5331,0.4435
,V_Higueras,VdH,PCM,0.0126,0.6116,0.3758
,V_Higueras,VdH,PDLC,0.0177,0.1264,0.8559
,V_Higueras,VdH,PDLC,0.0109,0.1199,0.8692
,V_Higueras,VdH,PDLC,0.0124,0.3379,0.6496
,V_Higueras,VdH,PDLC,0.0095,0.0721,0.9184
,V_Higueras,VdH,PDLC,0.0357,0.2892,0.6751
,V_Higueras,VdH,PCM,0.0095,0.5427,0.4477
,V_Higueras,VdH,PDLC,0.0121,0.3924,0.5955
,V_Higueras,VdH,PDLC,0.0198,0.373,0.6071
,V_Higueras,VdH,PDLC,0.0126,0.3266,0.6608
,V_Higueras,VdH,PDLC,0.0813,0.2615,0.6572
,V_Higueras,VdH,PDLC,0.015,0.2997,0.6853
,V_Higueras,VdH,PDLC,0.0126,0.1317,0.8556
,V_Higueras,VdH,PDLC,0.0103,0.0305,0.9592
,V_Higueras,VdH,PDLC,0.011,0.1433,0.8457
,V_Higueras,VdH,PDLC,0.0118,0.1073,0.8809
,V_Higueras,VdH,PDLC,0.0125,0.1062,0.8813
,V_Higueras,VdH,PDLC,0.0109,0.3444,0.6447
,V_Higueras,VdH,PDLC,0.0115,0.0976,0.8909
,V_Higueras,VdH,PDLC,0.0102,0.2244,0.7654
,V_Higueras,VdH,PDLC,0.018,0.1484,0.8336
,V_Higueras,VdH,PDLC,0.0108,0.3406,0.6486
,V_Higueras,VdH,PDLC,0.0114,0.1179,0.8707
,V_Higueras,VdH,PDLC,0.0083,0.272,0.7196
,V_Higueras,VdH,PDLC,0.0148,0.217,0.7681
,V_Higueras,VdH,PDLC,0.0105,0.0432,0.9463
AL-93-1-25-11,Alberite,DA,CT,0.9706,0.0173,0.012
AL-93-1-90-137,Alberite,DA,CT,0.9717,0.0123,0.016
AL-93-1-90-168,Alberite,DA,CT,0.5507,0.24,0.2094
AL-93-1-90-174,Alberite,DA,CT,0.5266,0.1705,0.3028
AL-93-1-90-198,Alberite,DA,CT,0.985,0.0093,0.0057
AL-93-1-90-449,Alberite,DA,PDLC,0.1452,0.3017,0.5531
AL-93-1-90-450,Alberite,DA,CT,0.831,0.1133,0.0557
AL-93-1-90-471,Alberite,DA,CT,0.9417,0.0508,0.0075
AL-93-1-90-494,Alberite,DA,CT,0.9878,0.0045,0.0077
AL-93-1-90-654,Alberite,DA,CT,0.5855,0.3378,0.0767
paternanbidea_1_1,Paternanbidea,PA,PDLC,0.0043,0.0133,0.9824
paternanbidea_2_1,Paternanbidea,PA,PDLC,0.0886,0.0553,0.8562
paternanbidea_2_2,Paternanbidea,PA,PDLC,0.0366,0.0079,0.9554
paternanbidea_2_3,Paternanbidea,PA,PDLC,0.2524,0.0391,0.7086
CG1-246-548-1_1,Can_Gambus,CG,CT,0.9497,0.0293,0.021
CG1-246-548-1_10,Can_Gambus,CG,CT,0.9766,0.0066,0.0168
CG1-246-548-1_11,Can_Gambus,CG,CT,0.6928,0.2954,0.0119
CG1-246-548-1_12,Can_Gambus,CG,CT,0.9794,0.0068,0.0138
CG1-246-548-1_13,Can_Gambus,CG,CT,0.9617,0.0099,0.0284
CG1-246-548-1_14,Can_Gambus,CG,CT,0.9699,0.0082,0.0219
CG1-246-548-1_2,Can_Gambus,CG,CT,0.9007,0.0101,0.0892
CG1-246-548-1_3,Can_Gambus,CG,CT,0.9153,0.0052,0.0795
CG1-246-548-1_4,Can_Gambus,CG,CT,0.923,0.009,0.068
CG1-246-548-1_5,Can_Gambus,CG,CT,0.9744,0.0075,0.0181
CG1-246-548-1_6,Can_Gambus,CG,CT,0.9828,0.0057,0.0116
CG1-246-548-1_7,Can_Gambus,CG,CT,0.9263,0.0086,0.065
CG1-246-548-1_8,Can_Gambus,CG,CT,0.8994,0.0117,0.0889
CG1-246-548-1_9,Can_Gambus,CG,CT,0.9554,0.0069,0.0376
CG1-246-548-2_1,Can_Gambus,CG,PDLC,0.0113,0.3917,0.597
CG1-246-548-2_10,Can_Gambus,CG,CT,0.9879,0.0056,0.0065
CG1-246-548-2_11,Can_Gambus,CG,CT,0.9607,0.0155,0.0239
CG1-246-548-2_12,Can_Gambus,CG,CT,0.9353,0.0101,0.0546
CG1-246-548-2_13,Can_Gambus,CG,CT,0.9241,0.0247,0.0512
CG1-246-548-2_14,Can_Gambus,CG,PDLC,0.3139,0.0378,0.6483
CG1-246-548-2_15,Can_Gambus,CG,CT,0.7349,0.1396,0.1255
CG1-246-548-2_16,Can_Gambus,CG,CT,0.9677,0.0152,0.0171
CG1-246-548-2_17,Can_Gambus,CG,PCM,0.3234,0.4997,0.177
CG1-246-548-2_18,Can_Gambus,CG,CT,0.9677,0.0109,0.0213
CG1-246-548-2_19,Can_Gambus,CG,CT,0.9613,0.0087,0.03
CG1-246-548-2_2,Can_Gambus,CG,CT,0.9745,0.0049,0.0207
CG1-246-548-2_20,Can_Gambus,CG,CT,0.8425,0.0627,0.0949
CG1-246-548-2_21,Can_Gambus,CG,CT,0.908,0.0361,0.0559
CG1-246-548-2_22,Can_Gambus,CG,CT,0.8284,0.1189,0.0527
CG1-246-548-2_23,Can_Gambus,CG,CT,0.9513,0.0295,0.0192
CG1-246-548-2_24,Can_Gambus,CG,CT,0.9546,0.0106,0.0348
CG1-246-548-2_25,Can_Gambus,CG,CT,0.78,0.0841,0.1359
CG1-246-548-2_26,Can_Gambus,CG,CT,0.9839,0.0101,0.0061
CG1-246-548-2_27,Can_Gambus,CG,CT,0.9292,0.0473,0.0235
CG1-246-548-2_28,Can_Gambus,CG,CT,0.6343,0.0071,0.3587
CG1-246-548-2_29,Can_Gambus,CG,PCM,0.1194,0.4769,0.4037
CG1-246-548-2_3,Can_Gambus,CG,CT,0.9631,0.0241,0.0128
CG1-246-548-2_4,Can_Gambus,CG,CT,0.9587,0.0226,0.0187
CG1-246-548-2_5,Can_Gambus,CG,CT,0.9106,0.0106,0.0788
CG1-246-548-2_6,Can_Gambus,CG,CT,0.7695,0.0342,0.1963
CG1-246-548-2_7,Can_Gambus,CG,PDLC,0.0156,0.0892,0.8952
CG1-246-548-2_8,Can_Gambus,CG,CT,0.9247,0.029,0.0463
CG1-246-548-2_9,Can_Gambus,CG,CT,0.9742,0.0071,0.0187
CG1-246-548-3_1,Can_Gambus,CG,CT,0.9723,0.0034,0.0243
CG1-246-548-3_2,Can_Gambus,CG,CT,0.8497,0.0911,0.0592
CG1-246-548-3_3,Can_Gambus,CG,CT,0.9696,0.0167,0.0137
CG1-246-548-3_4,Can_Gambus,CG,CT,0.98,0.01,0.0099
CG1-246-548-3_5,Can_Gambus,CG,CT,0.876,0.0951,0.0289
CG1-246-548-3_6,Can_Gambus,CG,CT,0.9721,0.0123,0.0157
CG1-246-548-3_7,Can_Gambus,CG,CT,0.9524,0.0284,0.0192
CG1-246-548-3_8,Can_Gambus,CG,CT,0.9411,0.0439,0.015
CG1-246-548-3_9,Can_Gambus,CG,CT,0.9802,0.0081,0.0117
CG1_E175A_1,Can_Gambus,CG,CT,0.9583,0.0332,0.0085
CG1_E175A_10,Can_Gambus,CG,CT,0.9411,0.0144,0.0445
CG1_E175A_11,Can_Gambus,CG,CT,0.9862,0.0067,0.0071
CG1_E175A_12,Can_Gambus,CG,CT,0.9466,0.0389,0.0145
CG1_E175A_2,Can_Gambus,CG,CT,0.9877,0.0074,0.0048
CG1_E175A_3,Can_Gambus,CG,CT,0.9842,0.006,0.0098
CG1_E175A_4,Can_Gambus,CG,CT,0.9886,0.0072,0.0042
CG1_E175A_5,Can_Gambus,CG,CT,0.9628,0.0274,0.0098
CG1_E175A_6,Can_Gambus,CG,CT,0.9662,0.0099,0.0239
CG1_E175A_7,Can_Gambus,CG,CT,0.9608,0.0288,0.0105
CG1_E175A_8,Can_Gambus,CG,CT,0.9433,0.0063,0.0504
CG1_E175A_9,Can_Gambus,CG,CT,0.9902,0.0039,0.006
CG1_E175B_1,Can_Gambus,CG,CT,0.9745,0.0036,0.0218
CG1_E175B_10,Can_Gambus,CG,CT,0.985,0.0039,0.0111
CG1_E175B_11,Can_Gambus,CG,CT,0.9782,0.0049,0.0169
CG1_E175B_12,Can_Gambus,CG,CT,0.9742,0.009,0.0168
CG1_E175B_13,Can_Gambus,CG,CT,0.9728,0.0198,0.0073
CG1_E175B_2,Can_Gambus,CG,CT,0.9797,0.0055,0.0148
CG1_E175B_3,Can_Gambus,CG,CT,0.9843,0.0101,0.0056
CG1_E175B_4,Can_Gambus,CG,CT,0.9635,0.0194,0.0172
CG1_E175B_5,Can_Gambus,CG,CT,0.9745,0.0175,0.008
CG1_E175B_6,Can_Gambus,CG,CT,0.9926,0.0032,0.0043
CG1_E175B_7,Can_Gambus,CG,CT,0.9768,0.0043,0.0189
CG1_E175B_8,Can_Gambus,CG,CT,0.9702,0.0226,0.0072
CG1_E175B_9,Can_Gambus,CG,CT,0.9914,0.0042,0.0044
MP-699,La_Serreta,LS,CT,0.9482,0.0271,0.0247
MP-753,La_Serreta,LS,CT,0.533,0.3523,0.1147
MP-754,La_Serreta,LS,PCM,0.1029,0.5854,0.3117
MP-755,La_Serreta,LS,PCM,0.0974,0.63,0.2726
MP-756,La_Serreta,LS,PCM,0.1041,0.5644,0.3315
MP-757,La_Serreta,LS,PCM,0.1011,0.5971,0.3017
MP-758,La_Serreta,LS,PCM,0.2622,0.4945,0.2432
MP-759,La_Serreta,LS,PCM,0.1866,0.4979,0.3155
MP-698,La_Serreta,LS,PDLC,0.0769,0.4483,0.4748
MP-701,La_Serreta,LS,CT,0.9641,0.0164,0.0195
MP-702,La_Serreta,LS,CT,0.991,0.0066,0.0024
MP-703,La_Serreta,LS,CT,0.9924,0.0051,0.0025
MP-704,La_Serreta,LS,CT,0.9576,0.0386,0.0038
MP-705,La_Serreta,LS,CT,0.9833,0.0098,0.0069
MP-706,La_Serreta,LS,CT,0.9754,0.0205,0.0041
MP-707,La_Serreta,LS,CT,0.9771,0.0172,0.0058
MP-708,La_Serreta,LS,CT,0.9693,0.0254,0.0053
MP-709,La_Serreta,LS,CT,0.9703,0.0255,0.0042
MP-710,La_Serreta,LS,CT,0.9637,0.0292,0.0071
MP-711,La_Serreta,LS,CT,0.9807,0.0161,0.0032
MP-712,La_Serreta,LS,CT,0.9867,0.0105,0.0028
MP-713,La_Serreta,LS,CT,0.9587,0.038,0.0033
MP-714,La_Serreta,LS,CT,0.9695,0.0244,0.0061
MP-715,La_Serreta,LS,CT,0.9907,0.0053,0.004
MP-716,La_Serreta,LS,CT,0.9473,0.0078,0.0449
MP-717,La_Serreta,LS,CT,0.971,0.0134,0.0156
MP-718,La_Serreta,LS,CT,0.986,0.0112,0.0029
MP-719,La_Serreta,LS,CT,0.9902,0.0033,0.0064
MP-720,La_Serreta,LS,CT,0.9892,0.008,0.0028
MP-721,La_Serreta,LS,CT,0.9836,0.0121,0.0043
MP-722,La_Serreta,LS,CT,0.9906,0.0068,0.0026
MP-723,La_Serreta,LS,CT,0.9761,0.0136,0.0102
MP-724,La_Serreta,LS,CT,0.9793,0.0171,0.0036
MP-725,La_Serreta,LS,CT,0.9918,0.0056,0.0026
MP-726,La_Serreta,LS,CT,0.9584,0.0389,0.0026
MP-727,La_Serreta,LS,CT,0.9825,0.0131,0.0044
MP-728,La_Serreta,LS,CT,0.9783,0.0148,0.0069
MP-729,La_Serreta,LS,CT,0.9885,0.0084,0.0032
MP-730,La_Serreta,LS,CT,0.9876,0.0097,0.0027
MP-731,La_Serreta,LS,CT,0.9231,0.0606,0.0163
MP-733,La_Serreta,LS,CT,0.9826,0.0091,0.0083
MP-734,La_Serreta,LS,CT,0.9798,0.0172,0.0029
MP-735,La_Serreta,LS,CT,0.9507,0.0405,0.0088
MP-737,La_Serreta,LS,CT,0.9914,0.0057,0.0029
MP-738,La_Serreta,LS,CT,0.9771,0.0177,0.0052
MP-739,La_Serreta,LS,CT,0.8074,0.108,0.0846
MP-740,La_Serreta,LS,CT,0.9778,0.0146,0.0076
MP-741,La_Serreta,LS,CT,0.9946,0.0029,0.0025
MP-742,La_Serreta,LS,CT,0.9561,0.0312,0.0127
MP-743,La_Serreta,LS,CT,0.9676,0.0271,0.0052
MP-744,La_Serreta,LS,CT,0.9701,0.0264,0.0036
MP-745,La_Serreta,LS,CT,0.9754,0.0183,0.0063
MP-746,La_Serreta,LS,CT,0.9772,0.0178,0.0049
MP-747,La_Serreta,LS,CT,0.9894,0.0081,0.0025
MP-748,La_Serreta,LS,CT,0.9866,0.0094,0.004
MP-749,La_Serreta,LS,CT,0.9849,0.0104,0.0047
MP-750,La_Serreta,LS,CT,0.9773,0.0191,0.0036
MP-751,La_Serreta,LS,CT,0.9878,0.0092,0.003
MP-752,La_Serreta,LS,CT,0.9631,0.0294,0.0075
MP-865,Can_Sandurni,CS,CT,0.9673,0.0129,0.0197
MP-795,Can_Sandurni,CS,CT,0.6502,0.2624,0.0873
MP-797,Can_Sandurni,CS,PDLC,0.0069,0.4185,0.5745
MP-348,Can_Sandurni,CS,CT,0.5633,0.3785,0.0581
MP-782,Can_Sandurni,CS,CT,0.9302,0.0326,0.0372
MP-783,Can_Sandurni,CS,PCM,0.3603,0.6018,0.0378
MP-784,Can_Sandurni,CS,PDLC,0.0755,0.1144,0.8101
MP-1555,Can_Sandurni,CS,CT,0.7418,0.0136,0.2445
MP-972,Cova_Cassinmanya,CC,CT,0.9852,0.0064,0.0085
MP-974,Cova_Cassinmanya,CC,CT,0.8595,0.0134,0.1271
MP-975,Cova_Cassinmanya,CC,CT,0.9756,0.0066,0.0178
MP-978,Cova_Cassinmanya,CC,CT,0.6832,0.039,0.2778
MP-980,Cova_Cassinmanya,CC,CT,0.6082,0.1024,0.2894
MP-982,Cova_Cassinmanya,CC,CT,0.9272,0.0525,0.0203
MP-984,Cova_Cassinmanya,CC,CT,0.8195,0.0163,0.1642
MP-985,Cova_Cassinmanya,CC,CT,0.6418,0.1984,0.1597
MP-987,Cova_Cassinmanya,CC,CT,0.7389,0.0107,0.2505
MP-990,Cova_Cassinmanya,CC,CT,0.7155,0.2153,0.0692
MP-991,Cova_Cassinmanya,CC,CT,0.9157,0.0702,0.0142
MP-1002,Cova_Cassinmanya,CC,CT,0.9854,0.0072,0.0074
MP-824,Roca_Livet,RL,PCM,0.0135,0.6931,0.2934
MP-823,Roca_Livet,RL,PDLC,0.0101,0.432,0.5578
MP-825,Roca_Livet,RL,PDLC,0.017,0.1017,0.8813
MP-826,Roca_Livet,RL,PCM,0.0124,0.5667,0.4209
MP-827,Roca_Livet,RL,PDLC,0.0071,0.4778,0.5151
MP-828,Roca_Livet,RL,PDLC,0.0363,0.1214,0.8423
MP-830,Roca_Livet,RL,PDLC,0.0067,0.4336,0.5597
MP-831,Roca_Livet,RL,PCM,0.0073,0.75,0.2427
MP-832,Roca_Livet,RL,PCM,0.006,0.5617,0.4323
MP-833,Roca_Livet,RL,PDLC,0.0125,0.1815,0.806
MP-834,Roca_Livet,RL,PDLC,0.0186,0.2701,0.7113
MP-853,Roca_Livet,RL,PDLC,0.0064,0.1074,0.8862
MP-860,Roca_Livet,RL,CT,0.6049,0.0223,0.3728
MP-862,Roca_Livet,RL,PDLC,0.0045,0.4608,0.5347
MP-863,Roca_Livet,RL,PDLC,0.0059,0.0162,0.9778
MP-864,Roca_Livet,RL,PDLC,0.0051,0.1336,0.8613
A3,Auverne,A,PDLC,0.0273,0.0317,0.941
A1,Auverne,A,PDLC,0.0273,0.0317,0.941
A2,Auverne,A,PDLC,0.0273,0.0317,0.941
J5,Josseliere,J ,PDLC,0.0061,0.0543,0.9396
J4,Josseliere,J ,PDLC,0.0061,0.0543,0.9396
J6,Josseliere,J ,PDLC,0.0061,0.0543,0.9396
J8,Josseliere,J ,PDLC,0.0061,0.0543,0.9396
J7,Josseliere,J ,PDLC,0.0061,0.0543,0.9396
J9,Josseliere,J ,PDLC,0.0061,0.0543,0.9396
J1,Josseliere,J ,PDLC,0.0061,0.0678,0.9261
J2,Josseliere,J ,PDLC,0.0062,0.0763,0.9174
J3,Josseliere,J ,PDLC,0.0062,0.0737,0.92
K1,Kervilor,K ,PDLC,0.0061,0.0559,0.938
K6,Kervilor,K ,PDLC,0.0061,0.0602,0.9337
K9,Kervilor,K ,PDLC,0.0061,0.0543,0.9396
K27,Kervilor,K ,PDLC,0.0061,0.0543,0.9396
K8,Kervilor,K ,PDLC,0.0061,0.0543,0.9396
K25,Kervilor,K ,PDLC,0.0061,0.0543,0.9396
K26,Kervilor,K ,PDLC,0.0061,0.0543,0.9396
K13,Kervilor,K ,PDLC,0.0061,0.0543,0.9396
K14,Kervilor,K ,PDLC,0.0061,0.0543,0.9396
K23,Kervilor,K ,PDLC,0.0061,0.0543,0.9396
K15,Kervilor,K ,PDLC,0.0061,0.0543,0.9396
K22,Kervilor,K ,PDLC,0.0061,0.0543,0.9396
K24,Kervilor,K ,PDLC,0.0061,0.0543,0.9396
K2,Kervilor,K ,PDLC,0.0061,0.0536,0.9403
K3,Kervilor,K ,PDLC,0.0061,0.0545,0.9395
K31,Kervilor,K ,PDLC,0.0061,0.0543,0.9396
K34,Kervilor,K ,PDLC,0.0062,0.0658,0.928
K33,Kervilor,K ,PDLC,0.006,0.063,0.931
K18,Kervilor,K ,PDLC,0.0061,0.0637,0.9302
K28,Kervilor,K ,PDLC,0.0061,0.0641,0.9297
K16,Kervilor,K ,PDLC,0.0061,0.0637,0.9302
K20,Kervilor,K ,PDLC,0.0061,0.0637,0.9302
K5,Kervilor,K ,PDLC,0.006,0.0624,0.9315
K4,Kervilor,K ,PDLC,0.0061,0.0627,0.9312
K29,Kervilor,K ,PDLC,0.0061,0.0641,0.9297
K30,Kervilor,K ,PDLC,0.0061,0.0644,0.9295
K32,Kervilor,K ,PDLC,0.0061,0.0676,0.9263
K21,Kervilor,K ,PDLC,0.0061,0.0641,0.9297
K10,Kervilor,K ,PDLC,0.0061,0.0631,0.9308
K11,Kervilor,K ,PDLC,0.0061,0.0627,0.9312
K12,Kervilor,K ,PDLC,0.0061,0.0627,0.9312
K35,Kervilor,K ,PDLC,0.0061,0.0627,0.9312
K19,Kervilor,K ,PDLC,0.0061,0.0641,0.9297
L4,Luffang,L ,PDLC,0.0073,0.0946,0.898
L1,Luffang,L ,PDLC,0.0073,0.0946,0.898
L2,Luffang,L ,PDLC,0.0073,0.0946,0.898
L5,Luffang,L ,PDLC,0.0073,0.0946,0.898
L6,Luffang,L ,PDLC,0.0073,0.0926,0.9
L3,Luffang,L ,PDLC,0.0073,0.0946,0.898
L7,Luffang,L ,PDLC,0.0075,0.1236,0.8688
L8,Luffang,L ,PDLC,0.0076,0.121,0.8715
L9,Luffang,L ,PDLC,0.0084,0.112,0.8796
P2,Plinchacourt,PL ,PDLC,0.0063,0.0641,0.9296
P1,Plinchacourt,PL ,PDLC,0.0063,0.074,0.9197
T3,SaintMichel,StM,PDLC,0.0061,0.0543,0.9396
T2,SaintMichel,StM,PDLC,0.0061,0.0543,0.9396
T1,SaintMichel,StM,PDLC,0.0061,0.0543,0.9396
